tree
version=v4
num_class=1
num_tree_per_iteration=1
label_index=0
max_feature_idx=9
objective=binary sigmoid:1
feature_names=reflectivity_dbz rain_rate_mmhr cape_jkg lifted_index freezing_level_m wind_gust_kmh hail_prob_pct temperature_c humidity_pct elevation_m
feature_infos=[7:57.978988647460938] [0:64.993270874023438] [0:3193.849609375] [-6.8225512504577637:4.0999999046325684] [3405.60595703125:5610] [1:84.89581298828125] [0:74.373527526855469] [13.600000381469727:38.799999237060547] [20:98] [6:3411]
tree_sizes=1142 1710 1387 1383 1493 1393 1822 1604 1598 1389 1603 1608 1396 1510 1716 1394 1501 1605 1395 1395 1929 1839 1594 1396 1611 1484 1609 1481 1182 1179 1179 1512 1616 1183 1728 1296 1178 1511 1397 2479 1284 1844 1298 1403 1502 1615 2044 1728 2386 1514 2049 1407 1962 1517 1297 1625 1627 1525 1412 1736

Tree=0
num_leaves=10
num_cat=0
split_feature=1 0 1 8 1 0 1 3 0
split_gain=944.921 65.2075 56.114 46.9594 36.8095 14.1716 2.27962 1.47238 2.27374e-13
threshold=26.918157577514652 48.044378280639656 34.83003234863282 82.161079406738295 20.501643180847172 44.759862899780281 25.695254325866703 -4.4907655715942374 39.521751403808601
decision_type=2 2 2 2 2 2 2 2 2
left_child=1 6 3 5 -3 -2 -1 -5 -4
right_child=2 4 8 7 -6 -7 -8 -9 -10
leaf_value=-2.2791034334457794 -2.2791034334457794 -2.2791034334457794 -1.8210298902694317 -1.9126445989047018 -1.8210298902694322 -2.0042593075399711 -2.1874887248105099 -1.821029890269432 -1.8210298902694317
leaf_weight=92.648875638842583 0.96054442226886594 0.4366111010313023 4.4534332305192947 0.43661110103130341 0.78589998185634613 0.43661110103130341 0.43661110103130241 0.78589998185634591 3.4055665880441666
leaf_count=1061 11 5 51 5 9 5 5 9 39
internal_value=-2.23482 -2.27486 -1.87447 -2.0348 -1.98463 -2.19321 -2.27867 -1.85375 -1.82103
internal_weight=104.787 94.308 10.4787 2.61967 1.22251 1.39716 93.0855 1.22251 7.859
internal_count=1200 1080 120 30 14 16 1066 14 90
is_linear=0
shrinkage=1


Tree=1
num_leaves=15
num_cat=0
split_feature=1 1 0 8 1 1 3 3 4 0 0 3 0 3
split_gain=677.547 52.9441 49.0396 37.0385 10.8983 0.166261 0.000103162 0.000127984 5.116e-06 1.13687e-13 1.42109e-14 4.44089e-16 2.22045e-16 2.22045e-16
threshold=20.501643180847172 34.83003234863282 48.044378280639656 85.03314590454103 26.918157577514652 26.918157577514652 -4.6628100872039786 -6.1326441764831534 3812.391967773438 37.045999526977546 33.258966445922859 -1.0000000180025095e-35 39.521751403808601 -2.5896257162094112
decision_type=2 2 2 2 2 2 2 2 2 2 2 2 2 2
left_child=10 2 3 6 -5 -4 7 -2 -8 -3 -1 13 -10 -12
right_child=1 9 5 4 -6 -7 8 -9 12 -11 11 -13 -14 -15
leaf_value=-0.044095036130632405 -0.044178361095728765 0.28712871799001616 0.28712871799001588 0.049349819179793267 0.29276309356424279 0.31042622554819166 -0.044259206667892591 -0.045122468639793967 -0.044095036130632086 0.28712871799001605 -0.044095036130632363 -0.044095036130632405 -0.044095036130632322 -0.044095036130632315
leaf_weight=86.855469688773155 0.42767857760190964 5.2757306098937971 1.079126715660095 0.42767857760190942 0.9436667263507843 0.89791787415742863 0.43413761258125316 0.49637801200151477 0.50546345114708213 5.5155365467071533 1.0109269022941587 0.42121954262256522 0.50546345114707947 0.42121954262256611
leaf_count=1031 5 44 9 5 8 8 5 5 6 46 12 5 6 5
internal_value=-0.000306582 0.234988 0.136577 0.0514089 0.21685 0.29771 -0.0443554 -0.0446855 -0.0441444 0.287129 -0.044095 -0.044095 -0.044095 -0.044095
internal_weight=105.218 16.5088 5.71751 3.74047 1.37135 1.97704 2.36912 0.924057 1.44506 10.7913 88.7088 1.85337 1.01093 1.43215
internal_count=1200 147 57 40 13 17 27 10 17 90 1053 22 12 17
is_linear=0
shrinkage=0.04


Tree=2
num_leaves=12
num_cat=0
split_feature=1 1 0 8 1 6 3 3 6 3 0
split_gain=544.676 30.742 31.7101 28.9489 6.7343 0.080887 9.04094e-05 0.000112076 4.50406e-06 9.75287e-12 1.42109e-14
threshold=20.501643180847172 34.83003234863282 48.044378280639656 85.03314590454103 26.918157577514652 34.723209381103523 -4.6628100872039786 -6.1326441764831534 16.178661823272709 -1.4986842870712278 39.521751403808601
decision_type=2 2 2 2 2 2 2 2 2 2 2
left_child=10 2 3 6 -5 -4 7 -2 -8 -10 -1
right_child=1 -3 5 4 -6 -7 8 -9 9 -11 -12
leaf_value=-0.043918388364206098 -0.043997832662245065 0.22544913666990396 0.23843517981144907 0.045488757178715422 0.22863375454126802 0.22383268010379759 -0.044075113170835963 -0.044897175169067563 -0.043918131767188236 -0.04391838836420605 -0.043918388364206098
leaf_weight=84.428763955831528 0.41256102174520493 13.135002851486204 1.2563825100660326 0.4450455680489539 1.1546979546546934 1.1741509586572645 0.41884600371122649 0.4792595207691196 0.40627627074718509 0.56881746649742093 1.1376349329948414
leaf_count=1039 5 90 9 5 8 8 5 5 5 7 14
internal_value=-0.000485548 0.190578 0.11806 0.0471736 0.177683 0.231381 -0.0441666 -0.0444811 -0.0439654 -0.0439183 -0.0439184
internal_weight=105.017 19.451 6.31604 3.8855 1.59974 2.43053 2.28576 0.891821 1.39394 0.975094 85.5664
internal_count=1200 147 57 40 13 17 27 10 17 12 1053
is_linear=0
shrinkage=0.04


Tree=3
num_leaves=12
num_cat=0
split_feature=1 1 0 8 1 1 3 3 6 3 2
split_gain=458.248 20.242 22.5761 23.7089 4.69064 0.0428674 7.9274e-05 9.82016e-05 3.94955e-06 8.71925e-12 5.68434e-14
threshold=20.501643180847172 34.83003234863282 48.044378280639656 85.03314590454103 26.918157577514652 26.918157577514652 -4.6628100872039786 -6.1326441764831534 16.178661823272709 -1.4986842870712278 3080.394409179688
decision_type=2 2 2 2 2 2 2 2 2 2 2
left_child=-1 2 3 6 -5 -4 7 -2 -8 -10 -3
right_child=1 10 5 4 -6 -7 8 -9 9 -11 -12
leaf_value=-0.04375002685783487 -0.043825788090044261 0.18801765201445553 0.18729747246264272 0.042079863052849456 0.19009719152502969 0.197217770284208 -0.043899461836344959 -0.044682816832888189 -0.043749779801357101 -0.043750026857834821 0.18801765201445508
leaf_weight=82.521277204155922 0.39790890365839005 14.236236289143559 1.5115862339735033 0.46150057762861241 1.3290511071681974 1.2931961715221403 0.40400047600269606 0.46263185143470797 0.3918176889419559 0.54857449233531919 0.83742566406726915
leaf_count=1053 5 85 9 5 8 8 5 5 5 7 5
internal_value=-0.000603046 0.162173 0.104884 0.0438197 0.151947 0.191871 -0.0439868 -0.0442865 -0.0437949 -0.0437499 0.188018
internal_weight=104.395 21.8739 6.80027 3.99549 1.79055 2.80478 2.20493 0.860541 1.34439 0.940392 15.0737
internal_count=1200 147 57 40 13 17 27 10 17 12 90
is_linear=0
shrinkage=0.04


Tree=4
num_leaves=13
num_cat=0
split_feature=1 1 0 8 1 8 3 3 3 4 6 2
split_gain=396.51 14.4172 17.0639 20.0078 3.52445 0.0311503 0.00537481 6.95463e-05 8.60912e-05 3.47874e-06 2.68037e-11 1.42109e-14
threshold=20.501643180847172 34.83003234863282 48.044378280639656 85.03314590454103 26.918157577514652 80.527942657470717 0.10319817811250688 -4.6628100872039786 -6.1326441764831534 3812.391967773438 36.219869613647468 95.000000000000014
decision_type=2 2 2 2 2 2 2 2 2 2 2 2
left_child=11 2 3 7 -5 -4 -7 8 -2 -9 -11 -1
right_child=1 -3 5 4 -6 6 -8 9 -10 10 -12 -13
leaf_value=-0.043589500335276303 -0.04366177798341693 0.162647434066855 0.1708851708330974 0.039048311863019977 0.16412499680129852 0.16474087918653721 0.16061543415460247 -0.043732227152156709 -0.044478778392774039 -0.043589058959018566 -0.043589500082482656 -0.043589500335276303
leaf_weight=1.2846326604485501 0.38371375948190689 16.690391600131989 1.0753924101591112 0.47710145264863957 1.4744163155555723 0.91922284662723575 1.1221050918102262 0.38963342458009709 0.44648962467908848 0.37779457122087778 0.52896642684936523 78.287025660276413
leaf_count=17 5 90 6 5 8 5 6 5 5 5 7 1036
internal_value=-0.000685975 0.142244 0.0949112 0.0410584 0.133547 0.165376 0.162473 -0.0438153 -0.0441012 -0.0436323 -0.0435893 -0.0435895
internal_weight=103.457 23.8852 7.19484 4.07812 1.95152 3.11672 2.04133 2.1266 0.830203 1.29639 0.906761 79.5717
internal_count=1200 147 57 40 13 17 11 27 10 17 12 1053
is_linear=0
shrinkage=0.04


Tree=5
num_leaves=12
num_cat=0
split_feature=1 1 0 8 9 5 3 3 6 9 0
split_gain=349.715 10.841 13.4425 17.2434 2.79255 0.0205056 6.10416e-05 7.55128e-05 3.05349e-06 2.36657e-11 1.42109e-14
threshold=20.501643180847172 34.83003234863282 48.044378280639656 85.03314590454103 914.93551635742199 55.626607894897468 -4.6628100872039786 -6.1326441764831534 16.178661823272709 1193.159362792969 44.759862899780281
decision_type=2 2 2 2 2 2 2 2 2 2 2
left_child=10 2 3 6 -5 -4 7 -2 -8 -10 -1
right_child=1 -3 5 4 -6 -7 8 -9 9 -11 -12
leaf_value=-0.043436396765220132 -0.043505373438942806 0.14423692049748785 0.14337846434142421 0.036335127562702824 0.14534726610235887 0.14962892042091375 -0.043572576005297237 -0.044284481690586353 -0.043435975371212847 -0.043436397514281064 -0.043436396765220132
leaf_weight=75.914245650172234 0.36996674537658691 18.037285655736923 1.8102949112653735 0.49190107733011279 1.5955440700054166 1.5664532184600828 0.37569972872734314 0.43082663416862521 0.36423426121473312 0.50998068600893021 0.80139798671007056
leaf_count=1042 5 90 9 5 8 8 5 5 5 7 11
internal_value=-0.000747064 0.12742 0.0870548 0.0387284 0.119659 0.146278 -0.0436519 -0.0439245 -0.0434772 -0.0434362 -0.0434364
internal_weight=102.268 25.5522 7.5149 4.13815 2.08745 3.37675 2.05071 0.800793 1.24991 0.874215 76.7156
internal_count=1200 147 57 40 13 17 27 10 17 12 1053
is_linear=0
shrinkage=0.04


Tree=6
num_leaves=16
num_cat=0
split_feature=1 1 0 8 9 6 3 3 4 2 0 0 0 0 0
split_gain=312.747 8.48291 10.919 15.0948 2.30161 0.0151516 5.36015e-05 6.62659e-05 2.69155e-06 4.3437e-11 2.84217e-14 1.42109e-14 1.42109e-14 1.77636e-15 2.22045e-16
threshold=20.501643180847172 34.83003234863282 48.044378280639656 85.03314590454103 914.93551635742199 34.723209381103523 -4.6628100872039786 -6.1326441764831534 3812.391967773438 2404.577270507813 47.573520660400398 49.403167724609382 20.529707908630375 17.443295478820804 19.661666870117191
decision_type=2 2 2 2 2 2 2 2 2 2 2 2 2 2 2
left_child=11 2 3 6 -5 -4 7 -2 -8 -10 -3 12 13 -1 -15
right_child=1 10 5 4 -6 -7 8 -9 9 -11 -12 -13 -14 14 -16
leaf_value=-0.043290322833891351 -0.043356172938423816 0.13023609825697302 0.13430375894765825 0.033893165288705167 0.13110461504823154 0.12910221747116329 -0.043420465128639486 -0.044099386595621376 -0.043290326287424304 -0.043289743773006741 0.13023609825697305 -0.043290322833891351 -0.043290322833891351 -0.043290322833891226 -0.043290322833891226
leaf_weight=11.728263132274147 0.35665867477655411 14.683400228619577 1.8815370351076128 0.50594805926084552 1.6958674490451811 1.7106553912162779 0.36222489178180661 0.41563594341278065 0.49160405248403827 0.35109299421310425 4.4688609391450873 0.35114560276269813 60.888647519052029 0.63206208497285921 0.35114560276269913
leaf_count=167 5 69 9 5 8 8 5 5 7 5 21 5 867 9 5
internal_value=-0.000793343 0.115934 0.0806861 0.036727 0.108767 0.131827 -0.043496 -0.0437562 -0.0433293 -0.0432901 0.130236 -0.0432903 -0.0432903 -0.0432903 -0.0432903
internal_weight=100.875 26.9235 7.77122 4.17903 2.20182 3.59219 1.97722 0.772295 1.20492 0.842697 19.1523 73.9513 73.6001 12.7115 0.983208
internal_count=1200 147 57 40 13 17 27 10 17 12 90 1053 1048 181 14
is_linear=0
shrinkage=0.04


Tree=7
num_leaves=14
num_cat=0
split_feature=1 1 0 8 9 1 3 3 4 9 8 0 0
split_gain=282.635 6.84361 9.0814 13.3741 1.95556 0.0109154 4.70882e-05 5.81787e-05 2.36444e-06 3.80497e-11 2.84217e-14 1.42109e-14 2.22045e-16
threshold=20.501643180847172 34.83003234863282 48.044378280639656 85.03314590454103 914.93551635742199 26.918157577514652 -4.6628100872039786 -6.1326441764831534 3812.391967773438 1193.159362792969 74.419342041015639 42.398590087890632 49.403167724609382
decision_type=2 2 2 2 2 2 2 2 2 2 2 2 2
left_child=11 2 3 6 -5 -4 7 -2 -8 -10 -3 -1 -13
right_child=1 10 5 4 -6 -7 8 -9 9 -11 -12 12 -14
leaf_value=-0.043150922156714192 -0.043213799638385224 0.11921719433212255 0.11848363299507582 0.031684263288107618 0.11991737868344216 0.12279893306577475 -0.043275164479966259 -0.043922995279935283 -0.043150371876218258 -0.043150927207813446 0.11921719433212268 -0.043150922156714192 -0.043150922156714067
leaf_weight=70.396538376808167 0.34378009289503098 10.924403801560407 2.0126089304685597 0.51928732544183764 1.7780831158161161 1.7562778443098066 0.34916676580905881 0.40090993791818608 0.33839399367571155 0.47382304072380066 9.1408276706933922 0.54151183366775413 0.33844489604234695
leaf_count=1040 5 49 9 5 8 8 5 5 5 7 41 8 5
internal_value=-0.000829112 0.10676 0.0754087 0.034984 0.0999736 0.120495 -0.0433473 -0.0435956 -0.0431881 -0.0431507 0.119217 -0.0431509 -0.0431509
internal_weight=99.3141 28.0376 7.97233 4.20344 2.29737 3.76889 1.90607 0.74469 1.16138 0.812217 20.0652 71.2765 0.879957
internal_count=1200 147 57 40 13 17 27 10 17 12 90 1053 13
is_linear=0
shrinkage=0.04


Tree=8
num_leaves=14
num_cat=0
split_feature=1 1 0 8 6 8 4 3 3 6 3 0 0
split_gain=257.521 5.65616 7.69669 11.9634 1.81489 0.00853121 0.00160781 4.13832e-05 5.11017e-05 2.08503e-06 5.45483e-11 2.84217e-14 1.42109e-14
threshold=20.501643180847172 34.83003234863282 48.044378280639656 85.03314590454103 35.498788833618171 80.527942657470717 4292.8583984375009 -4.6628100872039786 -6.1326441764831534 16.178661823272709 -1.4986842870712278 55.205745697021491 35.96544265747071
decision_type=2 2 2 2 2 2 2 2 2 2 2 2 2
left_child=12 2 3 7 -5 -4 -7 8 -2 -9 -11 -3 -1
right_child=1 11 5 4 -6 6 -8 9 -10 10 -12 -13 -14
leaf_value=-0.043017856524863209 -0.043077899518012164 0.11031437268883193 0.11391429742185345 0.062016959951541155 0.13252147188769214 0.10908184006512064 0.11110159331010502 -0.04313662995709372 -0.043754838973987784 -0.043017177175217539 -0.043017854505968102 0.11031437268883196 -0.043017856524863209
leaf_weight=67.580322414636612 0.33132123947143555 19.414185583591465 1.3662750571966173 1.3417901396751406 1.0345845595002172 1.3933342993259432 1.1519825458526609 0.33654582500457919 0.3866404816508292 0.32609718292951551 0.45662410557270083 1.3867275416851033 1.1089435145258892
leaf_count=1036 5 84 6 8 5 6 5 5 5 5 7 6 17
internal_value=-0.000857163 0.0992596 0.0709587 0.0334488 0.092712 0.111365 0.109996 -0.0432054 -0.0434424 -0.0430534 -0.0430176 0.110314 -0.0430179
internal_weight=97.6154 28.9261 8.1252 4.2136 2.37637 3.91159 2.54532 1.83723 0.717962 1.11927 0.782721 20.8009 68.6893
internal_count=1200 147 57 40 13 17 11 27 10 17 12 90 1053
is_linear=0
shrinkage=0.04


Tree=9
num_leaves=12
num_cat=0
split_feature=1 1 0 8 9 5 3 3 4 6 0
split_gain=236.107 4.80212 6.65384 10.7303 1.70727 0.00665097 3.63844e-05 4.49038e-05 1.83315e-06 4.82204e-11 1.42109e-14
threshold=20.501643180847172 34.83003234863282 48.044378280639656 85.03314590454103 914.93551635742199 55.626607894897468 -4.6628100872039786 -6.1326441764831534 3812.391967773438 36.219869613647468 8.5000000000000018
decision_type=2 2 2 2 2 2 2 2 2 2 2
left_child=10 2 3 6 -5 -4 7 -2 -8 -10 -1
right_child=1 -3 5 4 -6 -7 8 -9 9 -11 -12
leaf_value=-0.04289078548377117 -0.042948151326357077 0.10297021683968298 0.10232570156447683 0.025017601026560095 0.10434734587995337 0.10558481328198893 -0.043004237360070807 -0.04359448045180906 -0.042890138350502566 -0.042890787108221515 -0.04289078548377117
leaf_weight=1.1314102113246907 0.3192722275853157 21.380331963300705 2.1427472233772278 0.56343846023082766 1.8903364986181257 1.881628021597862 0.32432503253221479 0.37281896546483029 0.31422002613544653 0.43999312818050385 65.056087151169777
leaf_count=18 5 90 9 5 8 8 5 5 5 7 1035
internal_value=-0.000879601 0.0929678 0.0670422 0.0319777 0.0861316 0.10385 -0.04307 -0.0432963 -0.0429247 -0.0428905 -0.0428908
internal_weight=95.8166 29.6291 8.24878 4.2244 2.45377 4.02438 1.77063 0.692091 1.07854 0.754213 66.1875
internal_count=1200 147 57 40 13 17 27 10 17 12 1053
is_linear=0
shrinkage=0.04


Tree=10
num_leaves=14
num_cat=0
split_feature=1 1 0 8 8 6 3 3 6 9 2 3 2
split_gain=217.701 4.11547 5.80236 9.73507 1.57857 0.0051364 3.20014e-05 3.9473e-05 1.61751e-06 6.13413e-11 1.42109e-14 1.42109e-14 3.55271e-15
threshold=20.501643180847172 34.83003234863282 48.044378280639656 85.03314590454103 90.458580017089858 34.723209381103523 -4.6628100872039786 -6.1326441764831534 16.178661823272709 1193.159362792969 1234.0413208007815 -5.7863008975982657 1150.4348144531252
decision_type=2 2 2 2 2 2 2 2 2 2 2 2 2
left_child=-1 2 3 6 -5 -4 7 -2 -8 -10 12 -12 -3
right_child=1 10 5 4 -6 -7 8 -9 9 -11 11 -13 -14
leaf_value=-0.042769418417260417 -0.042824239172619287 0.096808820710505228 0.098896049516095402 0.11698863119511881 0.052976953985376884 0.096064005233467017 -0.042877932797390945 -0.043441504737899261 -0.042768673748105217 -0.042769419220169864 0.096808820710505131 0.096808820710505367 0.096808820710505283
leaf_weight=63.769063286483288 0.30762308835983276 3.1520221978426006 2.1667082011699677 1.0944172590970995 1.4112624377012251 1.9439880847930906 0.31252032145857966 0.35943642631173123 0.30272636190056801 0.42391626164317131 3.3944854438304963 13.820405021309847 1.4547794759273527
leaf_count=1053 5 13 9 5 8 8 5 5 5 7 14 57 6
internal_value=-0.000897368 0.0876813 0.0637492 0.0307539 0.0809356 0.0975567 -0.0429406 -0.0431568 -0.0428018 -0.0427691 0.0968088 0.0968088 0.0968088
internal_weight=93.9134 30.1443 8.3226 4.2119 2.50568 4.1107 1.70622 0.66706 1.03916 0.726643 21.8217 17.2149 4.6068
internal_count=1200 147 57 40 13 17 27 10 17 12 90 71 19
is_linear=0
shrinkage=0.04


Tree=11
num_leaves=14
num_cat=0
split_feature=1 1 0 8 1 1 3 3 6 5 0 0 2
split_gain=201.56 3.60393 5.14037 8.83527 1.55412 0.00414894 2.81564e-05 3.4713e-05 1.42316e-06 5.41255e-11 1.42109e-14 1.42109e-14 1.42109e-14
threshold=20.501643180847172 34.83003234863282 48.044378280639656 85.03314590454103 26.918157577514652 26.918157577514652 -4.6628100872039786 -6.1326441764831534 16.178661823272709 47.089014053344734 48.731903076171882 19.974563598632816 3008.6496582031255
decision_type=2 2 2 2 2 2 2 2 2 2 2 2 2
left_child=12 2 3 6 -5 -4 7 -2 -8 -10 11 -3 -1
right_child=1 10 5 4 -6 -7 8 -9 9 -11 -12 -13 -14
leaf_value=-0.042653467068723389 -0.042705866346161823 0.091567042064828755 0.091026590091264695 0.019830431478484983 0.093304820643453759 0.093553835865082341 -0.042757170270637038 -0.043295532045725789 -0.042652756940014476 -0.042653470391346246 0.091567042064829005 0.091567042064829005 -0.042653467068723389
leaf_weight=60.965115074068308 0.2963637113571167 2.4601061642170015 2.2169153094291687 0.60234187543392215 1.9575348496437071 1.956712871789932 0.30109717324376262 0.34648355841636647 0.29163070395588875 0.4083792045712471 4.4281910955905905 15.252658218145369 0.46671858429908653
leaf_count=1045 5 10 9 5 8 8 5 5 5 7 18 62 8
internal_value=-0.000911796 0.0831118 0.0607653 0.0295451 0.0760162 0.0922114 -0.0428171 -0.0430237 -0.0426845 -0.0426532 0.091567 0.091567 -0.0426535
internal_weight=91.9502 30.5184 8.37746 4.20383 2.55988 4.17363 1.64395 0.642847 1.00111 0.70001 22.141 17.7128 61.4318
internal_count=1200 147 57 40 13 17 27 10 17 12 90 72 1053
is_linear=0
shrinkage=0.04


Tree=12
num_leaves=12
num_cat=0
split_feature=1 1 0 8 1 8 3 3 4 2 0
split_gain=187.371 3.16851 4.57458 8.09571 1.42171 0.00340152 2.47816e-05 3.05376e-05 1.256e-06 6.32991e-11 1.42109e-14
threshold=20.501643180847172 34.83003234863282 48.044378280639656 85.03314590454103 26.918157577514652 83.022644042968764 -4.6628100872039786 -6.1326441764831534 3812.391967773438 2404.577270507813 43.176952362060554
decision_type=2 2 2 2 2 2 2 2 2 2 2
left_child=-1 2 3 6 -5 -4 7 -2 -8 -10 -3
right_child=1 10 5 4 -6 -7 8 -9 9 -11 -12
leaf_value=-0.042542667733876542 -0.042592761601745792 0.087054933355860828 0.088689855936708833 0.018763420782908342 0.088567168023415022 0.086413832140524505 -0.042641886722306649 -0.04315619577559282 -0.042542672900322535 -0.042541886760984304 0.087054933355860842
leaf_weight=59.173678435385227 0.28548399358987808 15.149845957756044 2.2270438224077225 0.61094944179058108 1.979271203279495 1.9888306260108946 0.29006776958703973 0.33395085111260392 0.39336789026856622 0.28090051561594009 7.2023857831954947
leaf_count=1053 5 61 9 5 8 8 5 5 7 5 29
internal_value=-0.000923298 0.0791874 0.0582268 0.0285425 0.0721027 0.0876161 -0.0426991 -0.0428965 -0.0425723 -0.0425423 0.0870549
internal_weight=89.9158 30.7421 8.38987 4.17399 2.59022 4.21587 1.58377 0.619435 0.964336 0.674268 22.3522
internal_count=1200 147 57 40 13 17 27 10 17 12 90
is_linear=0
shrinkage=0.04


Tree=13
num_leaves=13
num_cat=0
split_feature=1 1 0 8 0 5 3 3 6 3 0 0
split_gain=174.734 2.81358 4.10371 7.44706 1.35763 0.00286555 2.18185e-05 2.68741e-05 1.10588e-06 5.58144e-11 1.42109e-14 7.10543e-15
threshold=20.501643180847172 34.83003234863282 48.044378280639656 85.03314590454103 27.667837142944339 55.626607894897468 -4.6628100872039786 -6.1326441764831534 16.178661823272709 -1.4986842870712278 49.403167724609382 25.124626159667972
decision_type=2 2 2 2 2 2 2 2 2 2 2 2
left_child=10 2 3 6 -5 -4 7 -2 -8 -10 11 -1
right_child=1 -3 5 4 -6 -7 8 -9 9 -11 -12 -13
leaf_value=-0.042436764618732775 -0.042484664872748143 0.083131814696773582 0.082645988755990218 0.1088629260384356 0.047963256347525823 0.08472955312689083 -0.042531627072077284 -0.04302316259439299 -0.042436017507956086 -0.042436769701467564 -0.042436764618732775 -0.042436764618732775
leaf_weight=10.067044861614702 0.27497382089495659 22.468066960573196 2.2474758923053741 0.88694263994693789 1.7244047671556471 1.9923614561557768 0.27940202504396616 0.32182854786515214 0.27054594829678513 0.37886783480644248 0.27061948552727599 46.654799304902554
leaf_count=186 5 90 9 4 9 8 5 5 5 7 5 862
internal_value=-0.000932577 0.0757552 0.05597 0.0276272 0.0686478 0.0836251 -0.0425863 -0.0427751 -0.0424651 -0.0424365 -0.0424368 -0.0424368
internal_weight=87.8373 30.8449 8.3768 4.13697 2.61135 4.23984 1.52562 0.596802 0.928816 0.649414 56.9925 56.7218
internal_count=1200 147 57 40 13 17 27 10 17 12 1053 1048
is_linear=0
shrinkage=0.04


Tree=14
num_leaves=15
num_cat=0
split_feature=1 1 0 8 1 7 1 3 3 4 2 0 0 0
split_gain=163.33 2.54854 3.73359 6.83069 1.36296 0.00234929 0.00308468 1.92161e-05 2.3658e-05 9.76549e-07 6.23189e-11 1.42109e-14 7.10543e-15 7.10543e-15
threshold=20.501643180847172 34.83003234863282 48.044378280639656 85.03314590454103 26.918157577514652 33.66899490356446 26.918157577514652 -4.6628100872039786 -6.1326441764831534 3812.391967773438 2404.577270507813 54.459253311157234 49.403167724609382 20.33024883270264
decision_type=2 2 2 2 2 2 2 2 2 2 2 2 2 2
left_child=12 2 3 7 -5 6 -4 8 -2 -9 -11 -3 13 -1
right_child=1 11 5 4 -6 -7 -8 9 -10 10 -12 -13 -14 -15
leaf_value=-0.042335519208713736 -0.042381331475614598 0.079691181312661799 0.079453189015270417 0.014601915093500855 0.081439796460264127 0.078671086697948839 0.082019296619072354 -0.042426315327042267 -0.042896112755246796 -0.042335523853624039 -0.04233471392225719 0.079691181312661827 -0.042335519208713736 -0.042335519208713736
leaf_weight=9.2779866531491262 0.26482310518622398 20.749688327312473 1.4998900145292284 0.64611859619617495 1.9967025518417356 1.2495984882116316 1.4981704056262968 0.26910873875021912 0.31010681763291337 0.36486532166600427 0.26053765788674355 1.7499737143516529 0.26061760261654754 45.347462855279446
leaf_count=178 5 83 6 5 8 5 6 5 5 7 5 7 5 870
internal_value=-0.000940251 0.0726843 0.0538262 0.0266583 0.0650992 0.0801282 0.0807355 -0.0424786 -0.042659 -0.0423626 -0.0423352 0.0796912 -0.0423355 -0.0423355
internal_weight=85.7457 30.8596 8.35992 4.11226 2.64282 4.24766 2.99806 1.46944 0.57493 0.894512 0.625403 22.4997 54.8861 54.6254
internal_count=1200 147 57 40 13 17 12 27 10 17 12 90 1053 1048
is_linear=0
shrinkage=0.04


Tree=15
num_leaves=12
num_cat=0
split_feature=1 1 0 8 8 8 3 3 4 9 0
split_gain=153.091 2.30109 3.39432 6.32316 1.33947 0.00185631 1.69287e-05 2.08331e-05 8.60293e-07 5.47877e-11 1.42109e-14
threshold=20.501643180847172 34.83003234863282 48.044378280639656 85.03314590454103 90.458580017089858 83.022644042968764 -4.6628100872039786 -6.1326441764831534 3812.391967773438 1193.159362792969 32.416570663452156
decision_type=2 2 2 2 2 2 2 2 2 2 2
left_child=-1 2 3 6 -5 -4 7 -2 -8 -10 -3
right_child=1 10 5 4 -6 -7 8 -9 9 -11 -12
leaf_value=-0.042238710225693435 -0.042282532003462631 0.076650891984663988 0.077828155863401513 0.094879283097198328 0.037477317682926149 0.076151544221240028 -0.042325550854588709 -0.042774742621722865 -0.042237939204781291 -0.04223871309497694 0.076650891984664002
leaf_weight=52.852382306009531 0.25502178445458412 9.2323410362005252 2.2465982586145401 1.1479465514421465 1.5007690936326978 1.9947157055139539 0.25915996730327584 0.29877569526433922 0.25088384374976358 0.35134598612785339 13.224704727530478
leaf_count=1053 5 37 9 5 8 8 5 5 5 7 53
internal_value=-0.000946279 0.0699979 0.0520084 0.0258844 0.0623552 0.0770396 -0.0423755 -0.0425481 -0.0422646 -0.0422384 0.0766509
internal_weight=83.6146 30.7623 8.30522 4.0639 2.64872 4.24131 1.41519 0.553797 0.86139 0.60223 22.457
internal_count=1200 147 57 40 13 17 27 10 17 12 90
is_linear=0
shrinkage=0.04


Tree=16
num_leaves=13
num_cat=0
split_feature=1 1 0 8 1 5 3 3 6 3 0 9
split_gain=143.743 2.11253 3.12264 5.83793 1.30744 0.00158171 1.49179e-05 1.83513e-05 7.59891e-07 5.85146e-11 1.42109e-14 7.10543e-15
threshold=20.501643180847172 34.83003234863282 48.044378280639656 85.03314590454103 26.918157577514652 55.626607894897468 -4.6628100872039786 -6.1326441764831534 16.178661823272709 -1.4986842870712278 55.205745697021491 288.50000000000006
decision_type=2 2 2 2 2 2 2 2 2 2 2 2
left_child=11 2 3 6 -5 -4 7 -2 -8 -10 -3 -1
right_child=1 10 5 4 -6 -7 8 -9 9 -11 -12 -13
leaf_value=-0.042146117778155315 -0.042188045231189991 0.073946535400638849 0.073564524357576405 0.01140801247038623 0.07583177973718469 0.075115451502724556 -0.042229261607434398 -0.042658773538478412 -0.042145307865417647 -0.04214612293113057 0.073946535400638863 -0.042146117778155315
leaf_weight=4.977777585387229 0.2455599308013916 20.859269142150882 2.2325319796800613 0.67508414387702975 1.9891043752431867 1.9898709058761594 0.24956215173006235 0.28782517090439774 0.24155782163143136 0.33829627931118034 1.4899477958679188 45.91154083609581
leaf_count=103 5 84 9 5 8 8 5 5 5 7 6 950
internal_value=-0.0009512 0.0675611 0.0502617 0.0250618 0.0595073 0.0742954 -0.042277 -0.0424421 -0.0421709 -0.0421458 0.0739465 -0.0421461
internal_weight=81.4879 30.5986 8.24939 4.02699 2.66419 4.2224 1.3628 0.533385 0.829416 0.579854 22.3492 50.8893
internal_count=1200 147 57 40 13 17 27 10 17 12 90 1053
is_linear=0
shrinkage=0.04


Tree=17
num_leaves=14
num_cat=0
split_feature=1 1 0 8 8 7 1 3 3 6 5 0 3
split_gain=135.255 1.93225 2.86896 5.43032 1.2442 0.00132809 0.00173038 1.31496e-05 1.61696e-05 6.69845e-07 5.16177e-11 1.42109e-14 1.42109e-14
threshold=20.501643180847172 34.83003234863282 48.044378280639656 85.03314590454103 90.458580017089858 33.66899490356446 26.918157577514652 -4.6628100872039786 -6.1326441764831534 16.178661823272709 47.089014053344734 55.205745697021491 -0.79999294877052296
decision_type=2 2 2 2 2 2 2 2 2 2 2 2 2
left_child=12 2 3 7 -5 6 -4 8 -2 -9 -11 -3 -1
right_child=1 11 5 4 -6 -7 -8 9 -10 10 -12 -13 -14
leaf_value=-0.04205754758856222 -0.042097668953491645 0.071526876608578191 0.071330777369205511 0.088764138718285798 0.033488229636903635 0.070735837894251155 0.073263728713610532 -0.042137101042594764 -0.042547938258466374 -0.042056770885100576 -0.042057551069921678 0.071526876608578205 -0.04205754758856222
leaf_weight=46.854487925767899 0.2364276796579361 20.705307841300968 1.4777969568967821 1.1433607190847399 1.5146335214376447 1.2285048663616178 1.4862308055162428 0.24029053747654139 0.2772452197968962 0.23256486281752586 0.32570225745439529 1.4789505600929249 2.1403241753578177
leaf_count=1007 5 84 6 5 8 5 6 5 5 5 7 6 46
internal_value=-0.000955034 0.0654044 0.048765 0.0243962 0.0572657 0.0718417 0.0723 -0.0421828 -0.0423407 -0.0420813 -0.0420572 0.0715269 -0.0420575
internal_weight=79.3418 30.347 8.16276 3.97022 2.65799 4.19253 2.96403 1.31223 0.513673 0.798558 0.558267 22.1843 48.9948
internal_count=1200 147 57 40 13 17 12 27 10 17 12 90 1053
is_linear=0
shrinkage=0.04


Tree=18
num_leaves=12
num_cat=0
split_feature=1 1 0 8 1 7 1 3 3 4 2
split_gain=127.429 1.79578 2.66536 5.03488 1.26703 0.0010707 0.00139384 1.15939e-05 1.42512e-05 5.91888e-07 5.38882e-11
threshold=20.501643180847172 34.83003234863282 48.044378280639656 85.03314590454103 26.918157577514652 33.66899490356446 26.918157577514652 -4.6628100872039786 -6.1326441764831534 3812.391967773438 2404.577270507813
decision_type=2 2 2 2 2 2 2 2 2 2 2
left_child=-1 2 3 7 -5 6 -4 8 -2 -9 -11
right_child=1 -3 5 4 -6 -7 -8 9 -10 10 -12
leaf_value=-0.041972808328958743 -0.042011207428057154 0.06935061613315667 0.069173876586934649 0.0087023521273724685 0.071354473923537887 0.068636964529308897 0.070916543678783625 -0.042048994414626527 -0.042441985299417832 -0.041972811063959073 -0.041971998595817961
leaf_weight=47.166819602251053 0.22761528566479683 21.969444304704666 1.4632096290588381 0.70092609524726901 1.9623717516660688 1.2156833708286283 1.4742395728826521 0.23134941235184692 0.26702583953738235 0.31355045735836184 0.22388111427426338
leaf_count=1053 5 90 6 5 8 5 6 5 5 7 5
internal_value=-0.000958114 0.0634205 0.0472964 0.0236693 0.0548657 0.0696353 0.0700485 -0.0420927 -0.0422438 -0.0419955 -0.0419725
internal_weight=77.2161 30.0493 8.07985 3.92672 2.6633 4.15313 2.93745 1.26342 0.494641 0.768781 0.537432
internal_count=1200 147 57 40 13 17 12 27 10 17 12
is_linear=0
shrinkage=0.04


Tree=19
num_leaves=12
num_cat=0
split_feature=1 1 0 8 6 8 3 3 4 6 0
split_gain=120.269 1.65979 2.4696 4.70106 1.2026 0.00090306 1.02245e-05 1.25638e-05 5.21987e-07 4.73777e-11 7.10543e-15
threshold=20.501643180847172 34.83003234863282 48.044378280639656 85.03314590454103 35.498788833618171 83.022644042968764 -4.6628100872039786 -6.1326441764831534 3812.391967773438 36.219869613647468 46.636070251464851
decision_type=2 2 2 2 2 2 2 2 2 2 2
left_child=10 2 3 6 -5 -4 7 -2 -8 -10 -1
right_child=1 -3 5 4 -6 -7 8 -9 9 -11 -12
leaf_value=-0.041891716224941186 -0.041928473665321479 0.067384107731545795 0.068200060293627435 0.02976491449135538 0.084280723963369331 0.067011237950635488 -0.041964638559953076 -0.04234067889974024 -0.041890943765765354 -0.041891720228308192 -0.041891716224941186
leaf_weight=44.972155626863241 0.21911318972706795 21.711315214633942 2.1807423382997513 1.5195234268903735 1.1280939131975172 1.9246622174978254 0.2227158807218077 0.25715706869959853 0.21551053225994354 0.30182724818587303 0.43118078261613746
leaf_count=1043 5 90 9 8 5 8 5 5 5 7 10
internal_value=-0.000960441 0.0616533 0.0460405 0.0230882 0.052993 0.0676427 -0.0420065 -0.042151 -0.0419134 -0.0418914 -0.0418917
internal_weight=75.084 29.6807 7.96935 3.86394 2.64762 4.1054 1.21632 0.47627 0.740054 0.517338 45.4033
internal_count=1200 147 57 40 13 17 27 10 17 12 1053
is_linear=0
shrinkage=0.04


Tree=20
num_leaves=17
num_cat=0
split_feature=1 1 0 8 1 5 3 3 6 5 0 5 5 5 2 8
split_gain=113.615 1.55836 2.31325 4.37288 1.23555 0.000772763 9.0193e-06 1.10789e-05 4.6139e-07 4.78151e-11 1.42109e-14 7.10543e-15 7.10543e-15 3.55271e-15 1.77636e-15 1.77636e-15
threshold=20.501643180847172 34.83003234863282 48.044378280639656 85.03314590454103 26.918157577514652 55.626607894897468 -4.6628100872039786 -6.1326441764831534 16.178661823272709 47.089014053344734 26.869872093200687 31.073422431945804 61.316061019897468 51.055564880371101 1545.8640136718752 75.045131683349624
decision_type=2 2 2 2 2 2 2 2 2 2 2 2 2 2 2 2
left_child=10 2 3 6 -5 -4 7 -2 -8 -10 14 -3 13 -13 -1 -15
right_child=1 11 5 4 -6 -7 8 -9 9 -11 -12 12 -14 15 -16 -17
leaf_value=-0.041814105729872687 -0.041849299429673935 0.065599652521286883 0.065312923133918871 0.006385147179234568 0.067702055290841556 0.066419576585501641 -0.041883963228847659 -0.042243798494183936 -0.041813314950814688 -0.041814110030775432 -0.041814105729872687 0.065599652521287216 0.065599652521287202 0.065599652521287175 -0.041814105729872673 0.065599652521287175
leaf_weight=5.4783612191677085 0.21091188862919807 1.4277173280716002 2.1359494924545288 0.72389717400074038 1.9213839918375013 1.9144971519708631 0.21439250558614997 0.24762900173664115 0.20743119716644287 0.29051994532346725 35.941369816660881 6.900633752346037 9.0422097444534284 2.3795288801193237 2.2826505079865456 1.6656702160835264
leaf_count=132 5 6 9 5 8 8 5 5 5 7 866 29 38 10 55 7
internal_value=-0.000962238 0.060007 0.0447818 0.022435 0.0509223 0.065836 -0.041924 -0.0420623 -0.0418349 -0.0418138 -0.0418141 0.0655997 0.0655997 0.0655997 -0.0418141 0.0655997
internal_weight=72.9848 29.2824 7.86661 3.81617 2.64528 4.05045 1.17088 0.458541 0.712344 0.497951 43.7024 21.4158 19.988 10.9458 7.76101 4.0452
internal_count=1200 147 57 40 13 17 27 10 17 12 1053 90 84 46 187 17
is_linear=0
shrinkage=0.04


Tree=21
num_leaves=16
num_cat=0
split_feature=1 1 0 8 1 6 3 3 6 3 0 0 0 2 0
split_gain=107.49 1.45272 2.15838 4.09524 1.17421 0.000654083 7.95784e-06 9.77191e-06 4.07066e-07 4.20777e-11 7.10543e-15 7.10543e-15 1.77636e-15 8.88178e-16 1.11022e-16
threshold=20.501643180847172 34.83003234863282 48.044378280639656 85.03314590454103 26.918157577514652 34.723209381103523 -4.6628100872039786 -6.1326441764831534 16.178661823272709 -1.4986842870712278 46.636070251464851 28.643123626708988 18.386856079101566 2980.7705078125005 24.055153846740726
decision_type=2 2 2 2 2 2 2 2 2 2 2 2 2 2 2
left_child=10 2 3 6 -5 -4 7 -2 -8 -10 11 12 13 -1 -14
right_child=1 -3 5 4 -6 -7 8 -9 9 -11 -12 -13 14 -15 -16
leaf_value=-0.041739814724662851 -0.041773513839545931 0.063974220972360815 0.064671532840563192 0.006104283323149504 0.065903670456713151 0.063645081214142793 -0.041806697364043063 -0.042151129718409203 -0.041739058911852568 -0.041739819171332439 -0.041739814724662851 -0.041739814724662851 -0.041739814724662788 -0.041739814724662719 -0.041739814724662684
leaf_weight=6.5110238939523688 0.20300213992595673 21.088077127933502 2.1215727031230931 0.72685427963733706 1.8953834772109983 1.8677343577146528 0.20635907351970939 0.23843184113502525 0.19964506104588531 0.27961535006761529 0.39944931864738364 34.033081948757172 0.59917397797107685 0.27961452305316914 0.23966959118843079
leaf_count=163 5 90 9 5 8 8 5 5 5 7 10 852 15 7 6
internal_value=-0.000963508 0.0585346 0.0437115 0.021921 0.049328 0.064191 -0.041845 -0.0419775 -0.0417597 -0.0417395 -0.0417398 -0.0417398 -0.0417398 -0.0417398 -0.0417398
internal_weight=70.8887 28.8267 7.7386 3.74929 2.62224 3.98931 1.12705 0.441434 0.685619 0.47926 42.062 41.6626 7.62948 6.79064 0.838844
internal_count=1200 147 57 40 13 17 27 10 17 12 1053 1043 191 170 21
is_linear=0
shrinkage=0.04


Tree=22
num_leaves=14
num_cat=0
split_feature=1 1 9 8 0 2 0 9 1 8 4 4 0
split_gain=101.8 1.35947 2.04552 0.926403 2.61347 0.821233 0.351266 0.254746 0.141075 0.338188 0.181502 6.82237e-06 7.10543e-15
threshold=20.501643180847172 30.496222496032718 783.27352905273449 85.03314590454103 51.301116943359382 831.53872680664074 45.197650909423835 17.346999168396 34.83003234863282 83.212451934814467 3607.0747070312505 4152.0927734375009 49.403167724609382
decision_type=2 2 2 2 2 2 2 2 2 2 2 2 2
left_child=12 2 5 4 11 -2 -7 -3 9 10 -9 -4 -1
right_child=1 7 3 -5 -6 6 -8 8 -10 -11 -12 -13 -14
leaf_value=-0.041668689712005297 0.062132827112405233 -0.041668693745175761 -0.041977244914642282 0.073683276470066769 0.062621293630628863 -0.045017843014195855 0.0020461389924699837 0.064671289059181708 0.062488518514493711 0.063798858939305314 0.024425889606631113 -0.041686114527153269 -0.041668689712005297
leaf_weight=40.288114726543427 0.22932671010494488 0.038442943245175054 0.22017389908432927 1.7945136874914167 1.3834651857614515 0.51164503023028352 0.50335761904716492 0.23595477640628826 20.733035802841187 1.6300637573003767 0.74666807055473616 0.31029463186860151 0.19221428781747718
leaf_count=1048 1 1 5 8 6 8 3 1 90 7 9 8 5
internal_value=-0.000964372 0.0571832 0.0381459 0.0530364 0.0336778 -0.00623187 -0.021678 0.0612153 0.0613847 0.0526254 0.0340899 -0.0418069 -0.0416687
internal_weight=68.8173 28.3369 4.95278 3.70845 1.91393 1.24433 1.015 23.3842 23.3457 2.61269 0.982623 0.530469 40.4803
internal_count=1200 147 39 27 19 12 11 108 107 17 10 13 1053
is_linear=0
shrinkage=0.04


Tree=23
num_leaves=12
num_cat=0
split_feature=1 1 0 8 0 1 2 2 1 0 0
split_gain=96.4688 1.29048 1.94264 3.6457 1.11704 0.00103143 8.67108e-06 1.64582e-06 3.35469e-07 7.10543e-15 8.88178e-16
threshold=20.501643180847172 34.83003234863282 48.044378280639656 85.03314590454103 27.667837142944339 26.918157577514652 1128.7197265625002 2620.177856445313 26.230742454528812 26.869872093200687 20.33024883270264
decision_type=2 2 2 2 2 2 2 2 2 2 2
left_child=9 2 3 6 -5 -4 -2 8 -8 10 -1
right_child=1 -3 5 4 -6 -7 7 -9 -10 -11 -12
leaf_value=-0.041600588236538033 -0.041927686342303358 0.061126251496518354 0.060825202284416319 0.083278275987261313 0.027517328963233344 0.06213485294762193 -0.041598037325432206 -0.0417608725989808 -0.041657821644411723 -0.041600588236538033 -0.041600588236537929
leaf_weight=6.5850631222128859 0.25917436182499221 20.354920774698257 2.0262720584869389 0.87090109288692508 1.6907509565353391 1.832160100340843 0.29552163556218147 0.2000747062265873 0.30533966422080994 32.037441931664944 0.33295262977480877
leaf_count=178 6 90 9 4 9 8 8 5 8 866 9
internal_value=-0.000964855 0.0559052 0.0416977 0.0206577 0.0464747 0.0614471 -0.0417266 -0.0416615 -0.0416284 -0.0416006 -0.0416006
internal_weight=66.7906 27.8351 7.48019 3.62176 2.56165 3.85843 1.06011 0.800936 0.600861 38.9555 6.91802
internal_count=1200 147 57 40 13 17 27 21 16 1053 187
is_linear=0
shrinkage=0.04


Tree=24
num_leaves=14
num_cat=0
split_feature=1 1 0 8 8 1 2 2 1 0 2 2 2
split_gain=91.4813 1.23454 1.845 3.40279 1.11944 0.000859209 7.65512e-06 1.4536e-06 2.96149e-07 7.10543e-15 8.88178e-16 8.88178e-16 4.44089e-16
threshold=20.501643180847172 34.83003234863282 48.044378280639656 85.03314590454103 90.458580017089858 26.918157577514652 1128.7197265625002 2620.177856445313 26.230742454528812 25.124626159667972 1376.9238891601565 627.29702758789074 1827.041687011719
decision_type=2 2 2 2 2 2 2 2 2 2 2 2 2
left_child=9 2 3 6 -5 -4 -2 8 -8 10 11 -1 -12
right_child=1 -3 5 4 -6 -7 7 -9 -10 -11 12 -13 -14
leaf_value=-0.041535367708069211 -0.041848649749305508 0.059873558054206265 0.059596335389639085 0.075993162227400449 0.022302756995636105 0.060803281914578761 -0.041532924128562028 -0.041688912349067853 -0.041590185581289206 -0.041535367708069211 -0.041535367708069162 -0.041535367708069197 -0.041535367708069176
leaf_weight=2.5987153612077227 0.24947278946638396 19.957585036754608 1.9861419647932055 1.0682905763387682 1.4851027727127073 1.7980802953243253 0.28437022119760513 0.1925547868013382 0.29383459687232971 30.864194769412279 1.0679652169346812 1.9223373904824255 1.0323663763701914
leaf_count=73 6 90 9 5 8 8 8 5 8 867 30 54 29
internal_value=-0.000965169 0.0547102 0.0407051 0.0200933 0.0447658 0.0601698 -0.0416561 -0.0415937 -0.041562 -0.0415354 -0.0415354 -0.0415354 -0.0415354
internal_weight=64.801 27.3154 7.35785 3.57363 2.55339 3.78422 1.02023 0.77076 0.578205 37.4856 6.62138 4.52105 2.10033
internal_count=1200 147 57 40 13 17 27 21 16 1053 186 127 59
is_linear=0
shrinkage=0.04


Tree=25
num_leaves=13
num_cat=0
split_feature=1 1 9 5 8 0 7 9 1 8 4 0
split_gain=86.8257 1.20062 1.92223 0.768928 0.743826 2.1877 0.496299 0.210103 0.11784 0.439699 4.71572e-06 7.10543e-15
threshold=20.501643180847172 30.496222496032718 783.27352905273449 30.123476028442386 85.03314590454103 51.301116943359382 26.311223983764652 17.346999168396 34.83003234863282 82.161079406738295 4152.0927734375009 55.205745697021491
decision_type=2 2 2 2 2 2 2 2 2 2 2 2
left_child=-1 2 3 -2 5 10 -5 -3 9 -9 -4 -10
right_child=1 7 4 6 -6 -7 -8 8 11 -11 -12 -13
leaf_value=-0.041472899216898167 0.059370265156008503 -0.041472740267492363 -0.041744392803898384 0.011890272169416292 0.068996552770059352 0.058831252887139834 -0.046200862908295108 0.022987569936417308 0.058718575939619405 0.06015613506070798 -0.041488049899937741 0.058718575939619426
leaf_weight=36.068900618702173 0.21981510519981384 0.034249980002644231 0.19638442993164029 0.38778251409530884 1.7234353870153425 1.304756164550781 0.59847385436296463 0.71464158967137636 18.241522729396824 1.7717844545841215 0.27646675333380766 1.3029659092426289
leaf_count=1053 1 1 5 3 8 6 8 9 84 8 8 6
internal_value=-0.000965153 0.0536088 0.0352689 -0.008282 0.0502717 0.0321176 -0.0233602 0.0575212 0.0576751 0.0494733 -0.0415945 0.0587186
internal_weight=62.8412 26.7723 4.70711 1.20607 3.50104 1.77761 0.986256 22.0652 22.0309 2.48643 0.472851 19.5445
internal_count=1200 147 39 12 27 19 11 108 107 17 13 90
is_linear=0
shrinkage=0.04


Tree=26
num_leaves=14
num_cat=0
split_feature=1 1 0 8 1 1 2 1 2 0 0 0 0
split_gain=82.4733 1.12974 1.69152 3.0442 1.06334 0.00080701 8.0309e-06 1.57686e-06 9.75897e-07 7.10543e-15 7.10543e-15 7.10543e-15 5.55112e-17
threshold=20.501643180847172 34.83003234863282 48.044378280639656 85.03314590454103 26.918157577514652 26.918157577514652 1128.7197265625002 25.695254325866703 2343.259399414063 44.759862899780281 52.673528671264656 25.752158164978031 49.403167724609382
decision_type=2 2 2 2 2 2 2 2 2 2 2 2 2
left_child=9 2 3 6 -5 -4 -2 -8 -9 -1 11 -3 -11
right_child=1 10 5 4 -6 -7 7 8 -10 12 -12 -13 -14
leaf_value=-0.041413064156294858 -0.041757382249457041 0.057651097341118826 0.057444025266933894 0.0026181507999557176 0.059440061274924308 0.058637634135181305 -0.041418935981969648 -0.041485957026516508 -0.041608201290524047 -0.041413064156294858 0.057651097341118895 0.057651097341118895 -0.041413064156294609
leaf_weight=34.341153927147388 0.23810522258282008 5.3107585757970872 1.9027016758918764 0.75599265098571811 1.7391834855079649 1.7306655794382093 0.29768906533718109 0.24099885672330856 0.18446551635861397 0.19774176925420661 1.911873087286948 11.89609920978546 0.16478480771183968
leaf_count=1042 6 25 9 5 8 8 9 7 5 6 9 56 5
internal_value=-0.00096497 0.0525938 0.0389562 0.0189243 0.0422241 0.0580126 -0.0415559 -0.0414896 -0.041539 -0.0414131 0.0576511 0.0576511 -0.0414131
internal_weight=60.9122 26.2085 7.0898 3.45643 2.49518 3.63337 0.961259 0.723153 0.425464 34.7037 19.1187 17.2069 0.362527
internal_count=1200 147 57 40 13 17 27 21 12 1053 90 81 11
is_linear=0
shrinkage=0.04


Tree=27
num_leaves=13
num_cat=0
split_feature=1 1 9 5 8 0 5 9 1 8 4 2
split_gain=78.413 1.07382 1.80001 0.700195 0.660514 1.95438 0.458785 0.186 0.114731 0.404488 3.68446e-06 7.10543e-15
threshold=20.501643180847172 30.496222496032718 783.27352905273449 30.123476028442386 85.03314590454103 51.301116943359382 46.707614898681648 17.346999168396 34.83003234863282 82.161079406738295 4152.0927734375009 1672.5012817382815
decision_type=2 2 2 2 2 2 2 2 2 2 2 2
left_child=-1 2 3 -2 5 10 -5 -3 9 -9 -4 -10
right_child=1 7 4 6 -6 -7 -8 8 11 -11 -12 -13
leaf_value=-0.041355741832230446 0.057214139676617148 -0.041355493398779364 -0.041605049594598244 0.010642552947924383 0.066806002192375605 0.056761767721951906 -0.045977706855744191 0.021733367829166923 0.056662269079097188 0.057903454734064316 -0.04136958017122571 0.056662269079097216
leaf_weight=33.388216305524111 0.21034808456897736 0.031702306121590307 0.18189020827412572 0.38080942258239037 1.6576332747936247 1.2475423961877821 0.574275191873312 0.6980777271091968 7.2656468302011517 1.697808116674423 0.25591602548956938 11.417445018887518
leaf_count=1053 1 1 5 3 8 6 8 9 35 8 8 55
internal_value=-0.000964574 0.0516754 0.0339547 -0.00885181 0.0488779 0.0312446 -0.0234022 0.0554599 0.0556055 0.0473648 -0.0414674 0.0566623
internal_weight=59.0073 25.6191 4.50841 1.16543 3.34298 1.68535 0.955085 21.1107 21.079 2.39589 0.437806 18.6831
internal_count=1200 147 39 12 27 19 11 108 107 17 13 90
is_linear=0
shrinkage=0.04


Tree=28
num_leaves=10
num_cat=0
split_feature=1 1 0 9 8 8 6 1 0
split_gain=74.5753 1.03016 1.54934 2.77701 3.30389 0.0045887 0.000809227 9.26984e-06 7.10543e-15
threshold=20.501643180847172 34.83003234863282 48.044378280639656 824.53829956054699 85.03314590454103 90.458580017089858 34.723209381103523 26.918157577514652 37.490091323852546
decision_type=2 2 2 2 2 2 2 2 2
left_child=-1 2 3 5 7 -2 -4 -5 -3
right_child=1 8 6 4 -6 -7 -8 -9 -10
leaf_value=-0.041300815013745988 -0.041398512782866201 0.055744396824591536 0.05672942124276717 -0.041326367179781144 0.065436969109355786 -0.047626231883065112 0.055505351325810574 -0.04163858176605971 0.055744396824591549
leaf_weight=32.120846746489406 0.29227185808122458 9.3226942420005816 1.8653381615877154 0.27925870381295714 1.8751806169748304 0.53730468451976776 1.6099430620670316 0.33429784886538982 8.9173597097396833
leaf_count=1053 9 46 9 9 9 4 8 9 44
internal_value=-0.000964055 0.0507923 0.0374965 0.0179478 0.0390743 -0.0454321 0.0561624 -0.0414965 0.0557444
internal_weight=57.1545 25.0336 6.79359 3.31831 2.48874 0.829577 3.47528 0.613557 18.2401
internal_count=1200 147 57 40 27 13 17 18 90
is_linear=0
shrinkage=0.04


Tree=29
num_leaves=10
num_cat=0
split_feature=1 1 0 9 8 8 6 1 0
split_gain=71.0133 0.969032 1.45842 2.63606 3.11488 0.00401094 0.00068586 8.18941e-06 7.10543e-15
threshold=20.501643180847172 34.83003234863282 48.044378280639656 824.53829956054699 85.03314590454103 90.458580017089858 34.723209381103523 26.918157577514652 35.96544265747071
decision_type=2 2 2 2 2 2 2 2 2
left_child=-1 2 3 5 7 -2 -4 -5 -3
right_child=1 8 6 4 -6 -7 -8 -9 -10
leaf_value=-0.041248184306159306 -0.041341818909007372 0.054890751584774744 0.055809239230392313 -0.041272674774804334 0.06418994736022221 -0.047271694150462694 0.05466839156569625 -0.041571848451813054 0.054890751584774765
leaf_weight=30.899953700602055 0.28118904493749441 8.500543564558031 1.8211438953876498 0.26865082792937789 1.8359389454126356 0.52003002166748047 1.5700148940086363 0.32169504277408123 9.291291803121565
leaf_count=1053 9 43 9 9 9 4 8 9 47
internal_value=-0.000963888 0.0500299 0.0369632 0.0177164 0.0384899 -0.0451906 0.0552811 -0.0414357 0.0548908
internal_weight=55.3105 24.4105 6.61866 3.2275 2.42628 0.801219 3.39116 0.590346 17.7918
internal_count=1200 147 57 40 27 13 17 18 90
is_linear=0
shrinkage=0.04


Tree=30
num_leaves=10
num_cat=0
split_feature=1 1 0 9 8 8 6 1 0
split_gain=67.6565 0.912714 1.3745 2.50383 2.93995 0.00350825 0.000582816 7.23595e-06 3.55271e-15
threshold=20.501643180847172 34.83003234863282 48.044378280639656 824.53829956054699 85.03314590454103 90.458580017089858 34.723209381103523 26.918157577514652 32.416570663452156
decision_type=2 2 2 2 2 2 2 2 2
left_child=-1 2 3 5 7 -2 -4 -5 -3
right_child=1 8 6 4 -6 -7 -8 -9 -10
leaf_value=-0.041197746103180589 -0.041287494388465504 0.054095415225535667 0.054953335446669256 -0.041221221408081363 0.063032430128502168 -0.046936091730041513 0.05388821850792877 -0.041507927481009371 0.054095415225535695
leaf_weight=29.723964152857661 0.27051176689565481 7.1288364082574871 1.7764324396848681 0.25843257270753417 1.7956820577383039 0.50313951820135117 1.529847592115402 0.30954757705330849 10.211576476693152
leaf_count=1053 9 37 9 9 9 4 8 9 53
internal_value=-0.000963621 0.0493188 0.0364645 0.0174992 0.0379431 -0.044961 0.0544605 -0.0413775 0.0540954
internal_weight=53.508 23.784 6.44359 3.13731 2.36366 0.773651 3.30628 0.56798 17.3404
internal_count=1200 147 57 40 27 13 17 18 90
is_linear=0
shrinkage=0.04


Tree=31
num_leaves=13
num_cat=0
split_feature=1 1 0 9 8 8 6 1 0 0 2 2
split_gain=64.4891 0.86072 1.29687 2.37961 2.77765 0.00307047 0.000496449 6.39457e-06 3.55271e-15 3.55271e-15 8.88178e-16 8.88178e-16
threshold=20.501643180847172 34.83003234863282 48.044378280639656 824.53829956054699 85.03314590454103 90.458580017089858 34.723209381103523 26.918157577514652 29.946199417114261 21.169765472412113 135.00000000000003 2119.3107910156255
decision_type=2 2 2 2 2 2 2 2 2 2 2 2
left_child=8 2 3 5 7 -2 -4 -5 10 -3 -1 -12
right_child=1 9 6 4 -6 -7 -8 -9 -10 -11 11 -13
leaf_value=-0.041149406205525541 -0.041235436844366979 0.053353171967076549 0.05415579891625022 -0.041171908122359102 0.061954796962232779 -0.046618190621281724 0.053159797900921728 -0.041446696948643398 -0.041149406205525783 0.053353171967076618 -0.041149406205525769 -0.041149406205525721
leaf_weight=0.59735002368688839 0.26022635214031042 2.8145905584096935 1.7314005345106127 0.24859069101512465 1.7546691894531248 0.48664088547229767 1.4895920455455778 0.29784056171774864 23.378107745200396 14.072952792048453 4.0185365229845047 0.59735002368688572
leaf_count=22 9 15 9 9 9 4 8 9 861 75 148 22
internal_value=-0.000963271 0.0486546 0.0359973 0.0172948 0.0374302 -0.0447427 0.0536952 -0.0413217 -0.0411494 0.0533532 -0.0411494 -0.0411494
internal_weight=51.7478 23.1565 6.26896 3.04797 2.3011 0.746867 3.22099 0.546431 28.5913 16.8875 5.21324 4.61589
internal_count=1200 147 57 40 27 13 17 18 1053 90 192 170
is_linear=0
shrinkage=0.04


Tree=32
num_leaves=14
num_cat=0
split_feature=1 1 0 9 8 8 1 1 0 0 3 0 3
split_gain=61.4973 0.812625 1.22494 2.26276 2.62673 0.00268893 0.000428813 5.65182e-06 3.55271e-15 3.55271e-15 3.55271e-15 8.88178e-16 5.55112e-17
threshold=20.501643180847172 34.83003234863282 48.044378280639656 824.53829956054699 85.03314590454103 90.458580017089858 26.918157577514652 26.918157577514652 20.33024883270264 54.459253311157234 -2.5896257162094112 18.972811698913578 -0.2967096716165542
decision_type=2 2 2 2 2 2 2 2 2 2 2 2 2
left_child=8 2 3 5 7 -2 -4 -5 11 -3 -10 -1 -12
right_child=1 9 6 4 -6 -7 -8 -9 10 -11 12 -13 -14
leaf_value=-0.041103070403477451 -0.041185544737726155 0.052659412992425811 0.052531742965644501 -0.041124642070742158 0.060948732688625586 -0.046316865993662741 0.053468110779328441 -0.041388034505146595 -0.041103070403477479 0.052659412992425825 -0.041103070403477347 -0.041103070403477215 -0.041103070403477486
leaf_weight=4.5181431658566025 0.25031950324774088 15.1565228253603 1.6336441934108736 0.23911229148507152 1.7131284326314924 0.47053968161344528 1.5019611418247221 0.28655949048697948 22.407900787889961 1.2782609611749638 0.28728077933192253 0.13058217242360104 0.15669860690832038
leaf_count=173 9 83 9 9 9 4 8 9 858 7 11 5 6
internal_value=-0.000962851 0.0480331 0.0355589 0.017102 0.0369481 -0.044535 0.0529803 -0.0412682 -0.0411031 0.0526594 -0.0411031 -0.0411031 -0.0411031
internal_weight=50.0307 22.53 6.09526 2.95966 2.2388 0.720859 3.13561 0.525672 27.5006 16.4348 22.8519 4.64873 0.443979
internal_count=1200 147 57 40 27 13 17 18 1053 90 875 178 17
is_linear=0
shrinkage=0.04


Tree=33
num_leaves=10
num_cat=0
split_feature=1 1 0 9 8 8 6 1 7
split_gain=58.6683 0.768053 1.15815 2.15272 2.48609 0.00235612 0.00036982 4.9961e-06 3.55271e-15
threshold=20.501643180847172 34.83003234863282 48.044378280639656 824.53829956054699 85.03314590454103 90.458580017089858 34.723209381103523 26.918157577514652 26.94999980926514
decision_type=2 2 2 2 2 2 2 2 2
left_child=8 2 3 5 7 -2 -4 -5 -1
right_child=1 -3 6 4 -6 -7 -8 -9 -10
leaf_value=-0.041058647638847083 -0.041137724292415377 0.052010020665083596 0.052719491646675734 -0.041079332066850743 0.06000703553628798 -0.046031070274307077 0.051836064539451734 -0.041331826030302173 -0.041058647638847139
leaf_weight=2.3863045684993294 0.24077827855944933 15.983512848615645 1.6413652896881106 0.22998485155403647 1.6712597012519834 0.45483966171741486 1.4090264290571211 0.27569020539522171 24.063997648656368
leaf_count=95 9 90 9 9 9 4 8 9 958
internal_value=-0.000962376 0.0474507 0.035147 0.0169198 0.0364939 -0.0443373 0.0523114 -0.041217 -0.0410586
internal_weight=48.3568 21.9065 5.92294 2.87255 2.17693 0.695618 3.05039 0.505675 26.4503
internal_count=1200 147 57 40 27 13 17 18 1053
is_linear=0
shrinkage=0.04


Tree=34
num_leaves=15
num_cat=0
split_feature=1 1 0 9 8 8 1 1 0 0 3 0 3 3
split_gain=55.9909 0.726672 1.09604 2.04896 2.3548 0.00206561 0.000320241 4.41701e-06 3.55271e-15 3.55271e-15 3.55271e-15 1.77636e-15 2.22045e-16 2.22045e-16
threshold=20.501643180847172 34.83003234863282 48.044378280639656 824.53829956054699 85.03314590454103 90.458580017089858 26.918157577514652 26.918157577514652 46.636070251464851 37.490091323852546 -1.0134701728820799 50.307529449462898 -0.79999294877052296 0.76137956976890575
decision_type=2 2 2 2 2 2 2 2 2 2 2 2 2 2
left_child=8 2 3 5 7 -2 -4 -5 10 -3 -1 -11 -12 -14
right_child=1 9 6 4 -6 -7 -8 -9 -10 11 12 -13 13 -15
leaf_value=-0.041016063226851925 -0.041091884259092923 0.051401344976943028 0.051285843367782961 -0.041035895388481028 0.059123428255444116 -0.045759848354545933 0.052117869743190756 -0.041277962994674476 -0.041016063226851938 0.051401344976943007 -0.041016063226851814 0.051401344976943 -0.041016063226851661 -0.041016063226851855
leaf_weight=23.892872689291838 0.23159009218216242 7.9400819242000562 1.5435242056846621 0.22119620069861445 1.6292379796504972 0.43954289704561234 1.4220686852931974 0.26521890796720982 0.24158617481589217 5.3509247750043869 0.2899034097790717 2.2439361959695816 0.50733096711337811 0.50733096711337566
leaf_count=989 9 46 9 9 9 4 8 9 10 31 12 13 21 21
internal_value=-0.000961855 0.0469042 0.0347591 0.0167475 0.0360652 -0.0441491 0.0516848 -0.0411679 -0.0410161 0.0514013 -0.0410161 0.0514013 -0.0410161 -0.0410161
internal_weight=46.7263 21.2873 5.75238 2.78679 2.11565 0.671133 2.96559 0.486415 25.439 15.5349 25.1974 7.59486 1.30457 1.01466
internal_count=1200 147 57 40 27 13 17 18 1053 90 1043 44 54 42
is_linear=0
shrinkage=0.04


Tree=35
num_leaves=11
num_cat=0
split_feature=1 1 0 9 8 8 6 1 0 3
split_gain=53.4547 0.688189 1.03819 1.95102 2.23202 0.00181184 0.000277054 3.90559e-06 3.55271e-15 3.55271e-15
threshold=20.501643180847172 34.83003234863282 48.044378280639656 824.53829956054699 85.03314590454103 90.458580017089858 34.723209381103523 26.918157577514652 44.759862899780281 -0.15000000223517415
decision_type=2 2 2 2 2 2 2 2 2 2
left_child=8 2 3 5 7 -2 -4 -5 9 -1
right_child=1 -3 6 4 -6 -7 -8 -9 -10 -11
leaf_value=-0.040975229090666539 -0.04104793835668457 0.050830109394550647 0.051460074351421296 -0.04099424871409011 0.058292431908233765 -0.045502311118498721 0.05067327279116423 -0.041226342077628278 -0.040975229090666546 -0.040975229090666344
leaf_weight=23.489583849906925 0.22274273447692694 15.090138763189314 1.5518636405467989 0.21273452788591418 1.5872159004211424 0.42465003579854965 1.3295573294162748 0.25513216480612755 0.25557410717010398 0.72025430202484386
leaf_count=1011 9 90 9 9 9 4 8 9 11 31
internal_value=-0.000961299 0.0463907 0.0343935 0.016584 0.0356597 -0.0439697 0.051097 -0.0411208 -0.0409752 -0.0409752
internal_weight=45.1394 20.674 5.5839 2.70248 2.05508 0.647393 2.88142 0.467867 24.4654 24.2098
internal_count=1200 147 57 40 27 13 17 18 1053 1042
is_linear=0
shrinkage=0.04


Tree=36
num_leaves=10
num_cat=0
split_feature=1 1 0 9 8 8 1 1 5
split_gain=51.0503 0.652342 0.984214 1.85851 2.11701 0.00159002 0.000240435 3.45382e-06 3.55271e-15
threshold=20.501643180847172 34.83003234863282 48.044378280639656 824.53829956054699 85.03314590454103 90.458580017089858 26.918157577514652 26.918157577514652 32.131467819213874
decision_type=2 2 2 2 2 2 2 2 2
left_child=-1 2 3 5 7 -2 -4 -5 -3
right_child=1 8 6 4 -6 -7 -8 -9 -10
leaf_value=-0.040936077939304739 -0.041005804923851134 0.050293367992642002 0.050188726281557711 -0.040954317075928504 0.057509243183221648 -0.045257639603569648 0.050930904213526793 -0.04117686632509375 0.050293367992642175
leaf_weight=23.528138525784016 0.21422432921827139 1.13944707810879 1.4550153762102129 0.2045883610844611 1.5453260242938993 0.41016038507223129 1.3430463522672651 0.24541689082980156 13.510586783289904
leaf_count=1053 9 7 9 9 9 4 8 9 83
internal_value=-0.000960716 0.0459077 0.0340484 0.0164289 0.0352755 -0.0437988 0.050545 -0.0410757 0.0502934
internal_weight=43.596 20.0678 5.41778 2.61972 1.99533 0.624385 2.79806 0.450005 14.65
internal_count=1200 147 57 40 27 13 17 18 90
is_linear=0
shrinkage=0.04


Tree=37
num_leaves=13
num_cat=0
split_feature=1 1 0 9 8 8 6 1 0 1 1 1
split_gain=48.7692 0.618901 0.933784 1.77103 2.00915 0.001396 0.000208585 3.05464e-06 3.55271e-15 3.55271e-15 3.55271e-15 8.88178e-16
threshold=20.501643180847172 34.83003234863282 48.044378280639656 824.53829956054699 85.03314590454103 90.458580017089858 34.723209381103523 26.918157577514652 55.205745697021491 4.8955295085906991 62.542509078979499 1.0000000180025095e-35
decision_type=2 2 2 2 2 2 2 2 2 2 2 2
left_child=9 2 3 5 7 -2 -4 -5 10 11 -3 -1
right_child=1 8 6 4 -6 -7 -8 -9 -10 -11 -12 -13
leaf_value=-0.040898531450048362 -0.040965405091307652 0.049788486495400498 0.050350065697537805 -0.040916025293408202 0.056769642238312795 -0.045025075010018248 0.049646800627088601 -0.041129438796786329 0.049788486495400387 -0.040898531450048417 0.049788486495400387 -0.040898531450048389
leaf_weight=2.7718363869935305 0.20602336525917353 12.32004296779632 1.4638047665357592 0.19674658775329579 1.5036831796169279 0.39607211202383041 1.2518723160028455 0.23606037721037865 0.94769561290741045 18.758241595700383 0.94769561290741045 1.0958422925323246
leaf_count=129 9 78 9 9 9 4 8 9 6 873 6 51
internal_value=-0.00096011 0.0454527 0.0337222 0.0162813 0.0349108 -0.0436359 0.0500259 -0.0410324 0.0497885 -0.0408985 0.0497885 -0.0408985
internal_weight=42.0956 19.4697 5.25426 2.53859 1.93649 0.602095 2.71568 0.432807 14.2154 22.6259 13.2677 3.86768
internal_count=1200 147 57 40 27 13 17 18 90 1053 84 180
is_linear=0
shrinkage=0.04


Tree=38
num_leaves=12
num_cat=0
split_feature=1 1 0 9 8 8 1 1 2 0 2
split_gain=46.6035 0.587656 0.886602 1.68825 1.90784 0.0012262 0.000181358 2.7019e-06 7.10543e-15 3.55271e-15 3.55271e-15
threshold=20.501643180847172 34.83003234863282 48.044378280639656 824.53829956054699 85.03314590454103 90.458580017089858 26.918157577514652 26.918157577514652 875.81466674804699 46.636070251464851 3080.394409179688
decision_type=2 2 2 2 2 2 2 2 2 2 2
left_child=8 2 3 5 7 -2 -4 -5 -1 -10 -3
right_child=1 10 6 4 -6 -7 -8 -9 9 -11 -12
leaf_value=-0.040862522340572575 -0.040926664723627992 0.049313063233947754 0.049218131587318616 -0.040879303401945635 0.056069909590363426 -0.044803908024897664 0.049882410824409432 -0.041083972116122622 -0.040862522340572631 -0.040862522340572645 0.049313063233947636
leaf_weight=2.024916015565398 0.19812866672873797 13.021095693111416 1.3687969893217089 0.1891984287649392 1.4623864889144895 0.38238240778446198 1.2656102776527403 0.22705025598406792 19.567300681024793 0.16529926657676597 0.76594680547714311
leaf_count=98 9 85 9 9 9 4 8 9 947 8 5
internal_value=-0.00095949 0.0450237 0.0334136 0.0161408 0.0345642 -0.0434806 0.0495373 -0.0409909 -0.0408625 -0.0408625 0.0493131
internal_weight=40.6381 18.8806 5.09355 2.45915 1.87864 0.580511 2.63441 0.416249 21.7575 19.7326 13.787
internal_count=1200 147 57 40 27 13 17 18 1053 955 90
is_linear=0
shrinkage=0.04


Tree=39
num_leaves=22
num_cat=0
split_feature=1 1 0 9 8 8 6 1 0 0 0 3 3 2 2 2 2 3 3 3 5
split_gain=44.5462 0.558422 0.842398 1.60986 1.81257 0.0010775 0.00015772 2.39013e-06 3.55271e-15 3.55271e-15 3.55271e-15 3.55271e-15 3.55271e-15 4.44089e-16 4.44089e-16 2.22045e-16 2.22045e-16 2.22045e-16 2.22045e-16 1.11022e-16 1.11022e-16
threshold=20.501643180847172 34.83003234863282 48.044378280639656 824.53829956054699 85.03314590454103 90.458580017089858 34.723209381103523 26.918157577514652 27.283158302307132 55.205745697021491 50.307529449462898 -1.9540776014328001 -3.0499999523162837 1344.3928222656252 535.00000000000011 395.00000000000006 1225.4586181640627 -0.6709044575691222 -2.9500000476837154 -1.8986408710479734 44.927576065063484
decision_type=2 2 2 2 2 2 2 2 2 2 2 2 2 2 2 2 2 2 2 2 2
left_child=8 2 3 5 7 -2 -4 -5 13 10 -3 12 -10 14 15 20 -16 18 -15 -20 -1
right_child=1 9 6 4 -6 -7 -8 -9 11 -11 -12 -13 -14 17 16 -17 -18 -19 19 -21 -22
leaf_value=-0.040827988223398906 -0.040889516040178757 0.048864950626665238 0.049367304974495978 -0.04084408532520712 0.055406761332991251 -0.044593493143315364 0.048736717465746753 -0.041040381049540109 -0.040827988223398136 0.048864950626665127 0.048864950626665141 -0.040827988223399177 -0.040827988223399177 -0.040827988223399121 -0.040827988223399142 -0.040827988223398989 -0.040827988223399024 -0.04082798822339892 -0.04082798822339908 -0.040827988223398809 -0.040827988223399024
leaf_weight=0.65566635690629815 0.19052939489484133 11.43489091098308 1.3778856694698336 0.18193343654274929 1.4215208217501638 0.36908747255802155 1.1764875352382658 0.21837452240288258 0.27816148474813118 0.89103046059608537 1.0395355373620994 0.21855545230209728 16.689689084887505 0.65566635690629471 0.99343387410044648 0.21855545230209827 0.27816148474812508 0.13908074237406243 0.41724222712218761 0.099343387410044559 0.27816148474812508
leaf_count=33 9 77 9 9 9 4 8 9 14 6 7 11 840 33 50 11 14 7 21 5 14
internal_value=-0.00095886 0.0446189 0.0331211 0.0160068 0.0342342 -0.0433324 0.0490769 -0.0409512 -0.040828 0.048865 0.048865 -0.040828 -0.040828 -0.040828 -0.040828 -0.040828 -0.040828 -0.040828 -0.040828 -0.040828 -0.040828
internal_weight=39.223 18.3013 4.93582 2.38145 1.82183 0.559617 2.55437 0.400308 20.9217 13.3655 12.4744 17.1864 16.9679 3.73531 2.42398 1.15238 1.2716 1.31133 1.17225 0.516586 0.933828
internal_count=1200 147 57 40 27 13 17 18 1053 90 84 865 854 188 122 58 64 66 59 26 47
is_linear=0
shrinkage=0.04


Tree=40
num_leaves=11
num_cat=0
split_feature=1 1 0 9 8 8 1 1 0 0
split_gain=42.5904 0.531031 0.800932 1.53557 1.72289 0.00094721 0.00013736 2.11462e-06 3.55271e-15 3.55271e-15
threshold=20.501643180847172 34.83003234863282 48.044378280639656 824.53829956054699 85.03314590454103 90.458580017089858 26.918157577514652 26.918157577514652 55.205745697021491 51.301116943359382
decision_type=2 2 2 2 2 2 2 2 2 2
left_child=-1 2 3 5 7 -2 -4 -5 9 -3
right_child=1 8 6 4 -6 -7 -8 -9 -10 -11
leaf_value=-0.040794866787568419 -0.04085388587804005 0.048442177190557933 0.048355942823241294 -0.040810305247917671 0.054777286905141102 -0.044393213462043821 0.04895228215417001 -0.040998586663194621 0.048442177190557816 0.048442177190557802
leaf_weight=20.117357539013028 0.18321506679058375 11.36826536059379 1.2853733301162722 0.17494149692356575 1.3811587393283842 0.35618285834789276 1.1903045922517774 0.21002151072025299 0.86341255903244096 0.7195104658603676
leaf_count=1053 9 79 9 9 9 4 8 9 6 5
internal_value=-0.000958226 0.0442364 0.0328438 0.0158788 0.0339196 -0.043191 0.0486427 -0.040913 0.0484422 0.0484422
internal_weight=37.8497 17.7324 4.7812 2.30552 1.76612 0.539398 2.47568 0.384963 12.9512 12.0878
internal_count=1200 147 57 40 27 13 17 18 90 84
is_linear=0
shrinkage=0.04


Tree=41
num_leaves=16
num_cat=0
split_feature=1 1 0 9 8 8 6 1 0 0 2 2 2 2 2
split_gain=40.7303 0.505334 0.761986 1.46513 1.63839 0.000832993 0.000119718 1.87102e-06 3.55271e-15 3.55271e-15 4.44089e-16 4.44089e-16 4.44089e-16 1.11022e-16 5.55112e-17
threshold=20.501643180847172 34.83003234863282 48.044378280639656 824.53829956054699 85.03314590454103 90.458580017089858 34.723209381103523 26.918157577514652 49.403167724609382 20.33024883270264 1827.041687011719 325.00000000000006 1665.0000000000002 205.00000000000003 75.000000000000014
decision_type=2 2 2 2 2 2 2 2 2 2 2 2 2 2 2
left_child=8 2 3 5 7 -2 -4 -5 9 10 11 13 -13 14 -1
right_child=1 -3 6 4 -6 -7 -8 -9 -10 -11 -12 12 -14 -15 -16
leaf_value=-0.040763094185007329 -0.040819711657326882 0.048042966946372889 0.048493722040523012 -0.040777904084244823 0.054178905819197175 -0.044202506996368386 0.047926716896219822 -0.040958509198655929 -0.040763094185008487 -0.040763094185008474 -0.040763094185008404 -0.04076309418500846 -0.040763094185008286 -0.040763094185008265 -0.040763094185008328
leaf_weight=0.22043654322624728 0.17617550306022467 12.544666081666945 1.2946292161941531 0.16821280680596817 1.341361731290817 0.34366335719823837 1.103779539465904 0.20197992026805878 0.091848559677599861 15.98164938390255 0.45924279838800419 1.9655591771006586 0.18369711935520161 0.18369711935520172 0.25717596709728241
leaf_count=12 9 90 9 9 9 4 8 9 5 870 25 107 10 10 14
internal_value=-0.000957588 0.0438747 0.0325805 0.0157566 0.0336194 -0.0430561 0.0482328 -0.0408764 -0.0407631 -0.0407631 -0.0407631 -0.0407631 -0.0407631 -0.0407631 -0.0407631
internal_weight=36.5178 17.1745 4.6298 2.23139 1.71155 0.519839 2.39841 0.370193 19.3433 19.2515 3.26981 2.81057 2.14926 0.66131 0.477613
internal_count=1200 147 57 40 27 13 17 18 1053 1048 178 153 117 36 26
is_linear=0
shrinkage=0.04


Tree=42
num_leaves=11
num_cat=0
split_feature=1 1 0 9 8 8 1 1 0 3
split_gain=38.9602 0.481195 0.725366 1.39829 1.55868 0.000732814 0.000104414 1.65564e-06 3.55271e-15 3.55271e-15
threshold=20.501643180847172 34.83003234863282 48.044378280639656 824.53829956054699 85.03314590454103 90.458580017089858 26.918157577514652 26.918157577514652 33.258966445922859 -1.2718037366867063
decision_type=2 2 2 2 2 2 2 2 2 2
left_child=8 2 3 5 7 -2 -4 -5 9 -1
right_child=1 -3 6 4 -6 -7 -8 -9 -10 -11
leaf_value=-0.040732611147101715 -0.040786931246696606 0.047665692197737884 0.047587266408230272 -0.04074682290702502 0.053609312402594145 -0.044020841107389228 0.048124036469517871 -0.040920075436455726 -0.040732611147101729 -0.04073261114710159
leaf_weight=17.097171112895015 0.16940086148679556 12.146248072385786 1.2051060944795611 0.16173788532614697 1.302181653678417 0.33152320981025696 1.1175324022769926 0.19423876889050007 0.38857207074761291 1.1127291116863514
leaf_count=968 9 90 9 9 9 4 8 9 22 63
internal_value=-0.000956949 0.0435323 0.0323302 0.0156396 0.0333325 -0.0429272 0.0478455 -0.0408414 -0.0407326 -0.0407326
internal_weight=35.2264 16.628 4.48172 2.15908 1.65816 0.500924 2.32264 0.355977 18.5985 18.2099
internal_count=1200 147 57 40 27 13 17 18 1053 1031
is_linear=0
shrinkage=0.04


Tree=43
num_leaves=12
num_cat=0
split_feature=1 1 0 9 8 8 6 1 2 2 3
split_gain=37.275 0.458492 0.690894 1.33485 1.48344 0.000644905 9.11805e-05 1.46521e-06 3.55271e-15 2.22045e-16 1.11022e-16
threshold=20.501643180847172 34.83003234863282 48.044378280639656 824.53829956054699 85.03314590454103 90.458580017089858 34.723209381103523 26.918157577514652 1548.7893066406252 2013.2199707031252 -2.1499999761581416
decision_type=2 2 2 2 2 2 2 2 2 2 2
left_child=8 2 3 5 7 -2 -4 -5 -1 10 -10
right_child=1 -3 6 4 -6 -7 -8 -9 9 -11 -12
leaf_value=-0.040703366255662204 -0.040755487764943171 0.047308877383421592 0.047714425861369002 -0.040717004231232749 0.053066462335593208 -0.04384772579111277 0.047203327942507145 -0.040883215704392059 -0.040703366255662135 -0.040703366255662149 -0.04070336625566226
leaf_weight=16.693071950227026 0.16288159973919691 11.756221354007719 1.2144156098365786 0.15550755895674218 1.2636616155505178 0.3197561651468277 1.034011587500572 0.18678742460906506 0.49247109517455101 0.59436166658997536 0.10189057141542324
leaf_count=983 9 90 9 9 9 4 8 9 29 35 6
internal_value=-0.000956314 0.0432081 0.0320923 0.0155276 0.033058 -0.0428042 0.0474794 -0.0408077 -0.0407034 -0.0407034 -0.0407034
internal_weight=33.975 16.0932 4.33702 2.08859 1.60596 0.482638 2.24843 0.342295 17.8818 1.18872 0.594362
internal_count=1200 147 57 40 27 13 17 18 1053 70 35
is_linear=0
shrinkage=0.04


Tree=44
num_leaves=13
num_cat=0
split_feature=1 1 0 9 8 8 1 1 0 0 0 4
split_gain=35.6697 0.437115 0.658408 1.27459 1.41235 0.00056773 7.96265e-05 1.29678e-06 3.55271e-15 1.77636e-15 1.77636e-15 4.44089e-16
threshold=20.501643180847172 34.83003234863282 48.044378280639656 824.53829956054699 85.03314590454103 90.458580017089858 26.918157577514652 26.918157577514652 16.683930397033695 54.459253311157234 45.814771652221687 4070.345825195313
decision_type=2 2 2 2 2 2 2 2 2 2 2 2
left_child=8 2 3 5 7 -2 -4 -5 -1 10 -3 -12
right_child=1 9 6 4 -6 -7 -8 -9 -10 -11 11 -13
leaf_value=-0.040675315015201705 -0.04072532222219951 0.04697115029778294 0.046899745005004934 -0.040688397945347454 0.052548516615583671 -0.043682701844601095 0.047384035228296963 -0.040847862675642034 -0.040675315015201725 0.046971150297782822 0.046971150297782871 0.046971150297782829
leaf_weight=2.6776153594255456 0.15660850144922678 8.2151491940021462 1.128241650760174 0.14951294846832741 1.2258373051881788 0.30835551768541336 1.0475815460085867 0.17961557954549789 14.514634478837252 0.88470837473869401 1.263869106769562 1.0110952854156501
leaf_count=164 9 65 9 9 9 4 8 9 889 7 10 8
internal_value=-0.000955686 0.0429007 0.0318657 0.0154203 0.0327953 -0.0426866 0.0471329 -0.0407754 -0.0406753 0.0469712 0.0469712 0.0469712
internal_weight=32.7628 15.5706 4.19575 2.01993 1.55497 0.464964 2.17582 0.329129 17.1922 11.3748 10.4901 2.27496
internal_count=1200 147 57 40 27 13 17 18 1053 90 83 18
is_linear=0
shrinkage=0.04


Tree=45
num_leaves=14
num_cat=0
split_feature=1 1 0 9 8 8 6 1 8 2 2 2 0
split_gain=34.14 0.416963 0.627764 1.21733 1.34515 0.000499948 6.96559e-05 1.14783e-06 7.10543e-15 1.77636e-15 1.77636e-15 1.77636e-15 1.11022e-16
threshold=20.501643180847172 34.83003234863282 48.044378280639656 824.53829956054699 85.03314590454103 90.458580017089858 34.723209381103523 26.918157577514652 63.366718292236335 2907.3701171875005 2765.891479492188 2612.6896972656255 18.386856079101566
decision_type=2 2 2 2 2 2 2 2 2 2 2 2 2
left_child=8 2 3 5 7 -2 -4 -5 12 10 11 -3 -1
right_child=1 9 6 4 -6 -7 -8 -9 -10 -11 -12 -13 -14
leaf_value=-0.040648394363168486 -0.040696382268988307 0.046651277966273205 0.047017038987997993 -0.040660950271769851 0.052053831058860904 -0.043525334594734004 0.046555317082536338 -0.040813952560393697 -0.040648394363168763 0.046651277966273094 0.046651277966273073 0.046651277966273094 -0.040648394363168548
leaf_weight=0.51799819059670227 0.15057264268398185 8.1905467063188482 1.1375088691711428 0.14374547637999047 1.1887377202510832 0.29731424152851105 0.96735550463199604 0.17271324247121811 15.822490185499193 0.97797572612762529 0.85572876036167222 0.97797572612762529 0.1883629783987999
leaf_count=33 9 67 9 9 9 4 8 9 1008 8 7 8 12
internal_value=-0.000955064 0.0426092 0.0316499 0.0153173 0.0325435 -0.0425743 0.0468048 -0.0407445 -0.0406484 0.0466513 0.0466513 0.0466513 -0.0406484
internal_weight=31.589 15.0602 4.05795 1.95308 1.5052 0.447887 2.10486 0.316459 16.5289 11.0022 10.0243 9.16852 0.706361
internal_count=1200 147 57 40 27 13 17 18 1053 90 82 75 45
is_linear=0
shrinkage=0.04


Tree=46
num_leaves=18
num_cat=0
split_feature=1 1 0 9 8 8 1 1 0 0 0 0 3 3 3 3 3
split_gain=32.6818 0.397945 0.598827 1.16289 1.28156 0.000440392 6.08984e-05 1.01604e-06 3.55271e-15 1.77636e-15 1.77636e-15 1.77636e-15 1.77636e-15 1.77636e-15 8.88178e-16 8.88178e-16 8.88178e-16
threshold=20.501643180847172 34.83003234863282 48.044378280639656 824.53829956054699 85.03314590454103 90.458580017089858 26.918157577514652 26.918157577514652 38.006034851074226 55.205745697021491 51.301116943359382 48.731903076171882 -1.0000000180025095e-35 -1.394301116466522 -2.3520196676254268 -3.1948996782302852 -4.0850148200988761
decision_type=2 2 2 2 2 2 2 2 2 2 2 2 2 2 2 2 2
left_child=8 2 3 5 7 -2 -4 -5 -1 10 11 12 13 14 15 16 -3
right_child=1 9 6 4 -6 -7 -8 -9 -10 -11 -12 -13 -14 -15 -16 -17 -18
leaf_value=-0.040622570840520497 -0.040668615311778157 0.046348115664659115 0.04628303161273304 -0.040634615826415088 0.051580925738777907 -0.043375223897566796 0.046720894516473738 -0.040781423369155453 -0.040622570840520185 0.046348115664658955 0.046348115664658927 0.046348115664658962 0.046348115664659108 0.046348115664659024 0.046348115664659004 0.046348115664659004 0.046348115664659004
leaf_weight=15.664276387542486 0.14476538822054807 3.4279829114675477 1.0549333915114405 0.13819683995097864 1.1523859947919843 0.28662502020597458 0.98064593225717533 0.16607075370848179 0.22636237554252225 0.70923784375190813 0.59103153645992357 0.82744415104389268 2.2459198385477039 1.0638567656278608 0.59103153645992268 0.59103153645992268 0.59103153645992268
leaf_count=1038 9 29 9 9 9 4 8 9 15 6 5 7 19 9 5 5 5
internal_value=-0.000954451 0.0423324 0.0314442 0.0152185 0.0323021 -0.0424669 0.046494 -0.0407147 -0.0406226 0.0463481 0.0463481 0.0463481 0.0463481 0.0463481 0.0463481 0.0463481 0.0463481
internal_weight=30.4528 14.5622 3.92362 1.88804 1.45665 0.43139 2.03558 0.304268 15.8906 10.6386 9.92933 9.3383 8.51085 6.26493 5.20108 4.61005 4.01901
internal_count=1200 147 57 40 27 13 17 18 1053 90 84 79 72 53 44 39 34
is_linear=0
shrinkage=0.04


Tree=47
num_leaves=15
num_cat=0
split_feature=1 1 0 9 8 8 6 1 0 0 0 2 5 2
split_gain=31.291 0.379979 0.571479 1.11112 1.22137 0.00038804 5.33557e-05 8.99481e-07 1.77636e-15 1.77636e-15 1.77636e-15 1.77636e-15 1.77636e-15 1.11022e-16
threshold=20.501643180847172 34.83003234863282 48.044378280639656 824.53829956054699 85.03314590454103 90.458580017089858 34.723209381103523 26.918157577514652 49.403167724609382 55.205745697021491 50.307529449462898 1758.9497070312502 38.013372421264656 3039.672973632813
decision_type=2 2 2 2 2 2 2 2 2 2 2 2 2 2
left_child=8 2 3 5 7 -2 -4 -5 11 10 -3 12 -1 -13
right_child=1 9 6 4 -6 -7 -8 -9 -10 -11 -12 13 -14 -15
leaf_value=-0.040597783652163828 -0.040641974667572488 0.046060605428326164 0.046391186345276336 -0.040609346286864093 0.051128464841330712 -0.043231984368359948 0.045973248093688836 -0.040750219344866806 -0.040597783652162829 0.046060605428326032 0.046060605428326053 -0.040597783652163696 -0.040597783652163731 -0.040597783652163349
leaf_weight=13.695343300700184 0.13917839154601042 8.7984768897294945 1.064078591763973 0.13285902235656966 1.1168001741170881 0.27628029882907867 0.90390965342521656 0.1596787478774786 0.072538894601167025 0.68559560179710466 0.79986153542995531 0.56580337788909751 0.85595895629376251 0.087046673521399498
leaf_count=944 9 77 9 9 9 4 8 9 5 6 7 39 59 6
internal_value=-0.000953847 0.0420695 0.031248 0.0151235 0.0320704 -0.0423643 0.0461992 -0.0406862 -0.0405978 0.0460606 0.0460606 -0.0405978 -0.0405978 -0.0405978
internal_weight=29.3534 14.0767 3.79278 1.8248 1.40934 0.415459 1.96799 0.292538 15.2767 10.2839 9.59834 15.2042 14.5513 0.65285
internal_count=1200 147 57 40 27 13 17 18 1053 90 84 1048 1003 45
is_linear=0
shrinkage=0.04


Tree=48
num_leaves=21
num_cat=0
split_feature=1 1 0 9 8 8 1 1 2 0 0 1 2 4 4 4 4 4 4 4
split_gain=29.9643 0.362989 0.545607 1.06186 1.16435 0.000342006 4.66948e-05 7.96325e-07 3.55271e-15 1.77636e-15 1.77636e-15 1.77636e-15 1.77636e-15 1.77636e-15 1.77636e-15 2.22045e-16 2.22045e-16 1.11022e-16 1.11022e-16 5.55112e-17
threshold=20.501643180847172 34.83003234863282 48.044378280639656 824.53829956054699 85.03314590454103 90.458580017089858 26.918157577514652 26.918157577514652 2907.3701171875005 47.573520660400398 35.96544265747071 6.6903777122497567 2398.9399414062505 5375.0000000000009 4544.8491210937509 5225.0000000000009 5025.0000000000009 4995.0000000000009 4830.5629882812509 5480.0000000000009
decision_type=2 2 2 2 2 2 2 2 2 2 2 2 2 2 2 2 2 2 2 2
left_child=9 2 3 5 7 -2 -4 -5 -3 10 11 12 13 14 -1 16 17 18 -16 -15
right_child=1 8 6 4 -6 -7 -8 -9 -10 -11 -12 -13 -14 19 15 -17 -18 -19 -20 -21
leaf_value=-0.040574002774417112 -0.040616410950898026 0.045787783606747193 0.045728404568617806 -0.040585098038288935 0.050695244208145959 -0.043095267888401532 0.046125036939280169 -0.040720281182811797 0.045787783606747089 -0.040574002774416223 -0.040574002774416612 -0.040574002774416834 -0.040574002774416709 -0.040574002774416841 -0.04057400277441664 -0.040574002774417028 -0.040574002774416994 -0.040574002774416841 -0.040574002774416959 -0.040574002774416668
leaf_weight=11.785152656957498 0.13380359578877632 9.0549663156270945 0.98526017367839791 0.12772427592426527 1.0819938480854032 0.26627230644226074 0.91684367507696152 0.15352817345410585 0.88341134786605913 0.083681557327509704 0.15341618843376714 0.29288545064628202 0.19525696709752161 0.30683237686753351 0.15341618843376703 0.65550553239881981 0.4602485653012991 0.16736311465501785 0.33472622931003571 0.097628483548760414
leaf_count=845 9 82 9 9 9 4 8 9 8 6 11 21 14 22 11 47 33 12 24 7
internal_value=-0.000953253 0.0418197 0.0310607 0.0150323 0.0318479 -0.0422662 0.0459196 -0.0406589 0.0457878 -0.040574 -0.040574 -0.040574 -0.040574 -0.040574 -0.040574 -0.040574 -0.040574 -0.040574 -0.040574 -0.040574
internal_weight=28.2899 13.6038 3.66543 1.76332 1.36325 0.400076 1.9021 0.281252 9.93838 14.6861 14.6024 14.449 14.1561 13.9609 13.5564 1.77126 1.11575 0.655506 0.488142 0.404461
internal_count=1200 147 57 40 27 13 17 18 90 1053 1047 1036 1015 1001 972 127 80 47 35 29
is_linear=0
shrinkage=0.04


Tree=49
num_leaves=13
num_cat=0
split_feature=1 1 0 9 8 8 6 1 0 0 0 0
split_gain=28.6981 0.346908 0.521113 1.01498 1.11031 0.000301513 4.09691e-05 7.05065e-07 1.77636e-15 1.77636e-15 1.77636e-15 8.88178e-16
threshold=20.501643180847172 34.83003234863282 48.044378280639656 824.53829956054699 85.03314590454103 90.458580017089858 34.723209381103523 26.918157577514652 42.398590087890632 20.529707908630375 43.176952362060554 47.303476333618171
decision_type=2 2 2 2 2 2 2 2 2 2 2 2
left_child=8 2 3 5 7 -2 -4 -5 9 -1 -3 -12
right_child=1 10 6 4 -6 -7 -8 -9 -10 -11 11 -13
leaf_value=-0.040551181118770804 -0.040591879793733458 0.045528750999953564 0.045828108231445633 -0.040561828514586874 0.050280167696400577 -0.042964737010219085 0.045449129685014231 -0.040691559338262087 -0.040551181118770395 -0.040551181118770797 0.045528750999953467 0.045528750999953543
leaf_weight=2.4267483120784155 0.12863320857286398 6.5079652890562993 0.99421840906143166 0.12278511840850104 1.0479766428470609 0.25659316405653954 0.84371385723352432 0.14761027134954929 0.17429684009403068 11.516998895443976 0.64012773334980044 2.4538229778409004
leaf_count=181 9 61 9 9 9 4 8 9 13 859 6 23
internal_value=-0.000952672 0.0415821 0.0308818 0.0149446 0.0316341 -0.0421724 0.0456541 -0.0406326 -0.0405512 -0.0405512 0.0455288 0.0455288
internal_weight=27.2615 13.1434 3.54153 1.7036 1.31837 0.385226 1.83793 0.270395 14.118 13.9437 9.60192 3.09395
internal_count=1200 147 57 40 27 13 17 18 1053 1040 90 29
is_linear=0
shrinkage=0.04


Tree=50
num_leaves=18
num_cat=0
split_feature=1 1 0 9 8 8 1 1 0 0 0 5 0 1 5 1 5
split_gain=27.4893 0.331672 0.497902 0.970341 1.05906 0.000265881 3.58864e-05 6.24305e-07 1.77636e-15 1.77636e-15 1.77636e-15 1.77636e-15 8.88178e-16 8.88178e-16 4.44089e-16 2.22045e-16 1.11022e-16
threshold=20.501643180847172 34.83003234863282 48.044378280639656 824.53829956054699 85.03314590454103 90.458580017089858 26.918157577514652 26.918157577514652 34.281856536865241 54.459253311157234 39.521751403808601 35.824602127075202 19.661666870117191 57.652397155761726 46.707614898681648 60.225507736206062 58.740137100219734
decision_type=2 2 2 2 2 2 2 2 2 2 2 2 2 2 2 2 2
left_child=8 2 3 5 7 -2 -4 -5 11 10 12 -1 -3 -14 -13 -15 -16
right_child=1 9 6 4 -6 -7 -8 -9 -10 -11 -12 14 13 15 16 -17 -18
leaf_value=-0.040529275886819142 -0.040568339217941542 0.045282676246172382 0.045228453223943553 -0.040539496525709019 0.049882239089697564 -0.042840084321321241 0.045588344634743871 -0.040664000485727152 -0.040529275886818858 0.045282676246172125 0.045282676246172222 -0.040529275886819031 0.045282676246172222 0.045282676246172174 -0.040529275886819004 0.04528267624617216 -0.040529275886818983
leaf_weight=12.166798070073126 0.12365969829261247 0.8244034051895105 0.91924174875020959 0.11803432181477536 1.0147547796368597 0.24723487719893456 0.85623186081647873 0.14191656932234764 0.25777114555239755 0.72135297954082567 3.2976136207580566 0.59287363477051325 3.2976136207580566 0.51525212824344613 0.29643681738525629 0.61830255389213562 0.25777114555239677
leaf_count=944 9 8 9 9 9 4 8 9 20 7 32 46 32 5 23 6 20
internal_value=-0.000952103 0.041356 0.0307109 0.0148603 0.0314287 -0.0420827 0.045402 -0.0406075 -0.0405293 0.0452827 0.0452827 -0.0405293 0.0452827 0.0452827 -0.0405293 0.0452827 -0.0405293
internal_weight=26.2673 12.6956 3.42107 1.6456 1.27471 0.370895 1.77547 0.259951 13.5717 9.27454 8.55319 13.3139 5.25557 4.43117 1.14708 1.13355 0.554208
internal_count=1200 147 57 40 27 13 17 18 1053 90 83 1033 51 43 89 11 43
is_linear=0
shrinkage=0.04


Tree=51
num_leaves=12
num_cat=0
split_feature=1 1 0 9 8 8 6 1 0 4 0
split_gain=26.335 0.317224 0.475891 0.927829 1.01044 0.000234515 3.15261e-05 5.5283e-07 1.77636e-15 3.55271e-15 1.77636e-15
threshold=20.501643180847172 34.83003234863282 48.044378280639656 824.53829956054699 85.03314590454103 90.458580017089858 34.723209381103523 26.918157577514652 47.573520660400398 5165.0000000000009 54.459253311157234
decision_type=2 2 2 2 2 2 2 2 2 2 2
left_child=8 2 3 5 7 -2 -4 -5 9 -1 -3
right_child=1 10 6 4 -6 -7 -8 -9 -10 -11 -12
leaf_value=-0.040508254084947057 -0.040545748623829654 0.045048798480375914 0.045320351952205573 -0.040518063806214213 0.049500548225459101 -0.042721007528518096 0.044976156080715708 -0.040637556831689112 -0.040508254084946085 -0.04050825408494698 0.045048798480375789
leaf_weight=11.918686162680386 0.11887579783797209 8.2596113011240924 0.92796119302511193 0.11346491053700425 0.98233150690793991 0.23818939179182053 0.78676166385412216 0.13643888011574745 0.074336919933558288 1.0531063657253987 0.69659372419118959
leaf_count=962 9 83 9 9 9 4 8 9 6 85 7
internal_value=-0.000951547 0.0411408 0.0305474 0.0147791 0.0312311 -0.0419968 0.0451624 -0.0405833 -0.0405083 -0.0405083 0.0450488
internal_weight=25.3064 12.2602 3.30402 1.5893 1.23224 0.357065 1.71472 0.249904 13.0461 12.9718 8.95621
internal_count=1200 147 57 40 27 13 17 18 1053 1047 90
is_linear=0
shrinkage=0.04


Tree=52
num_leaves=17
num_cat=0
split_feature=1 1 0 9 8 8 1 1 6 0 1 2 3 4 4 3
split_gain=25.2324 0.303512 0.455002 0.887328 0.964293 0.000206897 2.76368e-05 4.89566e-07 3.55271e-15 1.77636e-15 1.77636e-15 1.77636e-15 1.77636e-15 1.77636e-15 1.77636e-15 2.77556e-17
threshold=20.501643180847172 34.83003234863282 48.044378280639656 824.53829956054699 85.03314590454103 90.458580017089858 26.918157577514652 26.918157577514652 7.8569655418396005 47.573520660400398 11.917171955108644 2013.2199707031252 1.2951147556304934 5395.0000000000009 5345.0000000000009 3.2500000000000004
decision_type=2 2 2 2 2 2 2 2 2 2 2 2 2 2 2 2
left_child=9 2 3 5 7 -2 -4 -5 -3 10 11 12 13 14 -1 -14
right_child=1 8 6 4 -6 -7 -8 -9 -10 -11 -12 -13 15 -15 -16 -17
leaf_value=-0.040488077280962112 -0.040524065510927069 0.044826399926111683 0.044776845094652747 -0.040497492429950745 0.049134262584091933 -0.042607231772700191 0.04510389502862678 -0.040612180653129652 0.044826399926111621 -0.040488077280961078 -0.040488077280961779 -0.040488077280961841 -0.040488077280961536 -0.040488077280961682 -0.040488077280961779 -0.040488077280961411
leaf_weight=11.325935161672524 0.11427449155598823 0.67253328114747812 0.85685135424137093 0.10907014738768317 0.95070747286081314 0.22944862395524979 0.79881898313760757 0.13116929214447737 7.9743231907486916 0.071457004174590888 0.23819001391530115 0.29773751739412624 0.13100450765341598 0.17864251043647605 0.23819001391530115 0.059547503478825092
leaf_count=951 9 7 9 9 9 4 8 9 83 6 20 25 11 15 20 5
internal_value=-0.000951004 0.0409358 0.0303911 0.014701 0.031041 -0.0419147 0.0449346 -0.0405601 0.0448264 -0.0404881 -0.0404881 -0.0404881 -0.0404881 -0.0404881 -0.0404881 -0.0404881
internal_weight=24.3779 11.8372 3.19034 1.53467 1.19095 0.343723 1.65567 0.240239 8.64686 12.5407 12.4692 12.2311 11.9333 11.7428 11.5641 0.190552
internal_count=1200 147 57 40 27 13 17 18 90 1053 1047 1027 1002 986 971 16
is_linear=0
shrinkage=0.04


Tree=53
num_leaves=13
num_cat=0
split_feature=1 1 0 9 8 8 6 1 0 0 1 0
split_gain=24.1789 0.290488 0.435165 0.84873 0.920472 0.000182572 2.43069e-05 4.33583e-07 1.77636e-15 1.77636e-15 1.77636e-15 2.77556e-17
threshold=20.501643180847172 34.83003234863282 48.044378280639656 824.53829956054699 85.03314590454103 90.458580017089858 34.723209381103523 26.918157577514652 34.281856536865241 55.205745697021491 15.08980178833008 49.403167724609382
decision_type=2 2 2 2 2 2 2 2 2 2 2 2
left_child=8 2 3 5 7 -2 -4 -5 10 -3 -1 -10
right_child=1 9 6 4 -6 -7 -8 -9 11 -11 -12 -13
leaf_value=-0.04046871171313942 -0.040503256208099261 0.044614831751126599 0.044861543205517579 -0.040477748118705324 0.048782618203766316 -0.042498500811591032 0.044548490103026278 -0.040587831172652543 -0.040468711713139004 0.044614831751126516 -0.040468711713138525 -0.040468711713138719
leaf_weight=11.745532952249048 0.10984899848699514 7.7899815738201124 0.86529175192117669 0.10484353266656377 0.91988101601600647 0.22100445628166199 0.73301050066947937 0.12610015645623207 0.17171831801533777 0.55642725527286518 0.080135215073824706 0.057239439338445663
leaf_count=1026 9 84 9 9 9 4 8 9 15 6 7 5
internal_value=-0.000950473 0.0407405 0.0302416 0.0146257 0.0308581 -0.041836 0.044718 -0.0405379 -0.0404687 0.0446148 -0.0404687 -0.0404687
internal_weight=23.481 11.4264 3.07998 1.48168 1.15082 0.330853 1.5983 0.230944 12.0546 8.34641 11.8257 0.228958
internal_count=1200 147 57 40 27 13 17 18 1053 90 1033 20
is_linear=0
shrinkage=0.04


Tree=54
num_leaves=11
num_cat=0
split_feature=1 1 0 9 8 8 1 1 0 1
split_gain=23.1721 0.278109 0.416312 0.811937 0.878843 0.00016114 2.13234e-05 3.8401e-07 1.77636e-15 1.77636e-15
threshold=20.501643180847172 34.83003234863282 48.044378280639656 824.53829956054699 85.03314590454103 90.458580017089858 26.918157577514652 26.918157577514652 54.459253311157234 5.4954333305358896
decision_type=2 2 2 2 2 2 2 2 2 2
left_child=9 2 3 5 7 -2 -4 -5 -3 -1
right_child=1 8 6 4 -6 -7 -8 -9 -10 -11
leaf_value=-0.040450120457046997 -0.040483281855133529 0.044413463184233025 0.044368137386016908 -0.040458797289029312 0.048444909864028829 -0.042394562114107019 0.044665750633150168 -0.040564462319484414 0.044413463184232949 -0.040450120457046816
leaf_weight=11.1910300841555 0.10559278167784159 7.4282831549644452 0.79802603274583794 0.10077879205346085 0.88984854519367218 0.21284883841872215 0.74457532167434692 0.12122408859431744 0.62648171186447132 0.39614265784621316
leaf_count=1017 9 83 9 9 9 4 8 9 7 36
internal_value=-0.000949957 0.0405543 0.0300984 0.0145533 0.030682 -0.0417608 0.0445118 -0.0405165 0.0444135 -0.0404501
internal_weight=22.6148 11.0277 2.97289 1.43029 1.11185 0.318442 1.5426 0.222003 8.05476 11.5872
internal_count=1200 147 57 40 27 13 17 18 90 1053
is_linear=0
shrinkage=0.04


Tree=55
num_leaves=14
num_cat=0
split_feature=1 1 0 9 8 8 6 1 0 0 2 2 2
split_gain=22.2097 0.266333 0.398385 0.776854 0.839281 0.000142253 1.87737e-05 3.40122e-07 1.77636e-15 1.77636e-15 1.77636e-15 1.77636e-15 2.77556e-17
threshold=20.501643180847172 34.83003234863282 48.044378280639656 824.53829956054699 85.03314590454103 90.458580017089858 34.723209381103523 26.918157577514652 35.96544265747071 50.307529449462898 2480.524291992188 1827.041687011719 3039.672973632813
decision_type=2 2 2 2 2 2 2 2 2 2 2 2 2
left_child=8 2 3 5 7 -2 -4 -5 10 -3 11 -1 -12
right_child=1 9 6 4 -6 -7 -8 -9 -10 -11 12 -13 -14
leaf_value=-0.040432278319121155 -0.040464110936798699 0.044221736369472034 0.044446196622262242 -0.040440606219367584 0.04812048251255318 -0.042295184953931579 0.044161101559607084 -0.040542034188135477 -0.040432278319120746 0.044221736369471999 -0.04043227831912069 -0.040432278319120746 -0.040432278319120378
leaf_weight=10.566486013121899 0.10149952769279336 6.649213433265686 0.80615718662738778 0.096869877539574878 0.86060475185513496 0.2049737237393856 0.6823899894952774 0.11653395742177963 0.17981007229536849 1.1225944757461546 0.15865594614297229 0.17981007229536849 0.052885315380990505
leaf_count=999 9 77 9 9 9 4 8 9 17 13 15 17 5
internal_value=-0.000949454 0.0403768 0.0299613 0.0144835 0.0305125 -0.0416888 0.0443155 -0.040496 -0.0404323 0.0442217 -0.0404323 -0.0404323 -0.0404323
internal_weight=21.7785 10.6408 2.86903 1.38048 1.07401 0.306473 1.48855 0.213404 11.1376 7.77181 10.9578 10.7463 0.211541
internal_count=1200 147 57 40 27 13 17 18 1053 90 1036 1016 20
is_linear=0
shrinkage=0.04


Tree=56
num_leaves=14
num_cat=0
split_feature=1 1 0 9 8 8 1 1 0 2 2 2 2
split_gain=21.2894 0.255124 0.381327 0.743394 0.801669 0.000125604 1.64798e-05 3.0127e-07 1.77636e-15 1.77636e-15 5.55112e-17 5.55112e-17 1.38778e-17
threshold=20.501643180847172 34.83003234863282 48.044378280639656 824.53829956054699 85.03314590454103 90.458580017089858 26.918157577514652 26.918157577514652 37.490091323852546 1857.887390136719 3059.2983398437505 2119.3107910156255 1987.926696777344
decision_type=2 2 2 2 2 2 2 2 2 2 2 2 2
left_child=9 2 3 5 7 -2 -4 -5 -3 -1 11 12 -11
right_child=1 8 6 4 -6 -7 -8 -9 -10 10 -12 -13 -14
leaf_value=-0.040415146188925111 -0.040445708797781761 0.044039109739253783 0.043997625405929386 -0.04042314360256162 0.047808731730291008 -0.042200150456538195 0.044268785648360592 -0.040520508656338362 0.044039109739253783 -0.040415146188923709 -0.040415146188924327 -0.040415146188924958 -0.040415146188924549
leaf_weight=10.278383047319949 0.097563151270149695 3.8320098370313644 0.74267532676458337 0.093110951595008151 0.83214284107089043 0.19737114384770393 0.69344138354063034 0.11202287673950195 3.6654007136821747 0.050832754932344737 0.05083275493234396 0.2541637746617198 0.071165856905281544
leaf_count=1011 9 46 9 9 9 4 8 9 44 5 5 25 7
internal_value=-0.000948965 0.0402074 0.02983 0.0144163 0.0303493 -0.0416198 0.0441286 -0.0404763 0.0440391 -0.0404151 -0.0404151 -0.0404151 -0.0404151
internal_weight=20.9711 10.2657 2.76833 1.33221 1.03728 0.294934 1.43612 0.205134 7.49741 10.7054 0.426995 0.376162 0.121999
internal_count=1200 147 57 40 27 13 17 18 90 1053 42 37 12
is_linear=0
shrinkage=0.04


Tree=57
num_leaves=13
num_cat=0
split_feature=1 1 0 9 8 8 6 1 0 0 2 2
split_gain=20.4093 0.244447 0.365086 0.711473 0.765898 0.000110923 1.4523e-05 2.66877e-07 1.77636e-15 1.77636e-15 1.77636e-15 5.55112e-17
threshold=20.501643180847172 34.83003234863282 48.044378280639656 824.53829956054699 85.03314590454103 90.458580017089858 34.723209381103523 26.918157577514652 47.573520660400398 44.010019302368171 1997.0493774414065 3059.2983398437505
decision_type=2 2 2 2 2 2 2 2 2 2 2 2
left_child=8 2 3 5 7 -2 -4 -5 9 10 -1 -12
right_child=1 -3 6 4 -6 -7 -8 -9 -10 -11 11 -13
leaf_value=-0.040398703747721455 -0.040428042728835954 0.043865091215057744 0.044069562623038419 -0.040406380235633151 0.047509091689848175 -0.042109248294879546 0.043809625818478443 -0.040499849582733553 -0.04039870374772022 -0.04039870374772022 -0.040398703747721192 -0.040398703747720623
leaf_weight=9.8499853312969172 0.093777780421076762 7.2314326465129852 0.75047566741704919 0.089496385306119697 0.80445475503802299 0.1900332123041153 0.63480886816978455 0.10768419504165649 0.058630865067244353 0.058630865067244353 0.27361070364713747 0.04885905422270298
leaf_count=1008 9 90 9 9 9 4 8 9 6 6 28 5
internal_value=-0.000948491 0.0400457 0.0297042 0.0143515 0.0301921 -0.0415537 0.0439504 -0.0404574 -0.0403987 -0.0403987 -0.0403987 -0.0403987
internal_weight=20.1919 9.90216 2.67073 1.28545 1.00164 0.283811 1.38528 0.197181 10.2897 10.2311 10.1725 0.32247
internal_count=1200 147 57 40 27 13 17 18 1053 1047 1041 33
is_linear=0
shrinkage=0.04


Tree=58
num_leaves=12
num_cat=0
split_feature=1 1 0 9 8 8 1 1 2 2 2
split_gain=19.5675 0.234271 0.349615 0.681014 0.731867 9.79758e-05 1.27559e-05 2.36412e-07 1.77636e-15 1.77636e-15 2.77556e-17
threshold=20.501643180847172 34.83003234863282 48.044378280639656 824.53829956054699 85.03314590454103 90.458580017089858 26.918157577514652 26.918157577514652 2480.524291992188 2143.677124023438 3039.672973632813
decision_type=2 2 2 2 2 2 2 2 2 2 2
left_child=8 2 3 5 7 -2 -4 -5 9 -1 -10
right_child=1 -3 6 4 -6 -7 -8 -9 10 -11 -12
leaf_value=-0.040382918932854721 -0.040411084515531805 0.043699217651739827 0.043661217147555248 -0.040390287661399668 0.047221038953120395 -0.042022286894077485 0.043908554413055287 -0.040480018152923417 -0.040382918932854277 -0.040382918932853194 -0.040382918932854013
leaf_weight=9.6270546782761794 0.09013774991035306 6.9737246632575989 0.690688297152519 0.086020750924944878 0.77753127738833427 0.18295212090015411 0.64533501118421555 0.10351150296628475 0.15966822393238622 0.04696124233305532 0.056353490799665451
leaf_count=1025 9 90 9 9 9 4 8 9 17 5 6
internal_value=-0.000948028 0.0398914 0.0295836 0.0142891 0.0300407 -0.0414905 0.0437807 -0.0404393 -0.0403829 -0.0403829 -0.0403829
internal_weight=19.4399 9.5499 2.57618 1.24015 0.967064 0.27309 1.33602 0.189532 9.89004 9.67402 0.216022
internal_count=1200 147 57 40 27 13 17 18 1053 1030 23
is_linear=0
shrinkage=0.04


Tree=59
num_leaves=15
num_cat=0
split_feature=1 1 0 9 8 8 6 1 0 7 8 2 7 7
split_gain=18.7621 0.224567 0.334871 0.651944 0.699481 8.65544e-05 1.12509e-05 2.09439e-07 3.55271e-15 1.77636e-15 1.77636e-15 8.88178e-16 1.11022e-16 1.11022e-16
threshold=20.501643180847172 34.83003234863282 48.044378280639656 824.53829956054699 85.03314590454103 90.458580017089858 34.723209381103523 26.918157577514652 39.521751403808601 28.349999427795414 87.993480682373061 3080.394409179688 36.755920410156257 33.44044494628907
decision_type=2 2 2 2 2 2 2 2 2 2 2 2 2 2
left_child=8 2 3 5 7 -2 -4 -5 9 10 -1 -3 13 -11
right_child=1 11 6 4 -6 -7 -8 -9 -10 12 -12 -13 -14 -15
leaf_value=-0.040367762985632299 -0.040394804868910013 0.043541041962657817 0.043727515237574031 -0.040374838138429389 0.046944076693625644 -0.041939079720982327 0.043490265414597398 -0.040460983255885589 -0.040367762985631724 -0.040367762985632147 -0.040367762985632133 0.04354104196265772 -0.040367762985631654 -0.040367762985631654
leaf_weight=8.2780276369303429 0.086637596599756117 6.3505669310688972 0.69814351201057412 0.082678818143904209 0.75136228278279305 0.17612018063664436 0.59016048163175583 0.09949860256165266 0.12638210132718164 0.50552840530872423 0.46941923350095827 0.37356276065111149 0.063191050663590431 0.063191050663590431
leaf_count=917 9 85 9 9 9 4 8 9 14 56 52 5 7 7
internal_value=-0.000947581 0.039744 0.029468 0.0142289 0.0298949 -0.0414299 0.0436188 -0.0404219 -0.0403678 -0.0403678 -0.0403678 0.043541 -0.0403678 -0.0403678
internal_weight=18.7145 9.20873 2.4846 1.1963 0.93354 0.262758 1.2883 0.182177 9.50574 9.37936 8.74745 6.72413 0.631911 0.568719
internal_count=1200 147 57 40 27 13 17 18 1053 1039 969 90 70 63
is_linear=0
shrinkage=0.04


end of trees

feature_importances:
rain_rate_mmhr=205
reflectivity_dbz=162
humidity_pct=108
lifted_index=74
cape_jkg=58
elevation_m=47
hail_prob_pct=39
freezing_level_m=26
wind_gust_kmh=20
temperature_c=8

parameters:
[boosting: gbdt]
[objective: binary]
[metric: binary_logloss]
[tree_learner: serial]
[device_type: cpu]
[data_sample_strategy: bagging]
[data: ]
[valid: ]
[num_iterations: 60]
[learning_rate: 0.04]
[num_leaves: 31]
[num_threads: -1]
[seed: 0]
[deterministic: 0]
[force_col_wise: 0]
[force_row_wise: 0]
[histogram_pool_size: -1]
[max_depth: -1]
[min_data_in_leaf: 5]
[min_sum_hessian_in_leaf: 0.001]
[bagging_fraction: 1]
[pos_bagging_fraction: 1]
[neg_bagging_fraction: 1]
[bagging_freq: 0]
[bagging_seed: 3]
[bagging_by_query: 0]
[feature_fraction: 1]
[feature_fraction_bynode: 1]
[feature_fraction_seed: 2]
[extra_trees: 0]
[extra_seed: 6]
[early_stopping_round: 0]
[early_stopping_min_delta: 0]
[first_metric_only: 0]
[max_delta_step: 0]
[lambda_l1: 0]
[lambda_l2: 0]
[linear_lambda: 0]
[min_gain_to_split: 0]
[drop_rate: 0.1]
[max_drop: 50]
[skip_drop: 0.5]
[xgboost_dart_mode: 0]
[uniform_drop: 0]
[drop_seed: 4]
[top_rate: 0.2]
[other_rate: 0.1]
[min_data_per_group: 100]
[max_cat_threshold: 32]
[cat_l2: 10]
[cat_smooth: 10]
[max_cat_to_onehot: 4]
[top_k: 20]
[monotone_constraints: ]
[monotone_constraints_method: basic]
[monotone_penalty: 0]
[feature_contri: ]
[forcedsplits_filename: ]
[refit_decay_rate: 0.9]
[cegb_tradeoff: 1]
[cegb_penalty_split: 0]
[cegb_penalty_feature_lazy: ]
[cegb_penalty_feature_coupled: ]
[path_smooth: 0]
[interaction_constraints: ]
[verbosity: -1]
[saved_feature_importance_type: 0]
[use_quantized_grad: 0]
[num_grad_quant_bins: 4]
[quant_train_renew_leaf: 0]
[stochastic_rounding: 1]
[linear_tree: 0]
[max_bin: 255]
[max_bin_by_feature: ]
[min_data_in_bin: 3]
[bin_construct_sample_cnt: 200000]
[data_random_seed: 1]
[is_enable_sparse: 1]
[enable_bundle: 1]
[use_missing: 1]
[zero_as_missing: 0]
[feature_pre_filter: 1]
[pre_partition: 0]
[two_round: 0]
[header: 0]
[label_column: ]
[weight_column: ]
[group_column: ]
[ignore_column: ]
[categorical_feature: ]
[forcedbins_filename: ]
[precise_float_parser: 0]
[parser_config_file: ]
[objective_seed: 5]
[num_class: 1]
[is_unbalance: 0]
[scale_pos_weight: 1]
[sigmoid: 1]
[boost_from_average: 1]
[reg_sqrt: 0]
[alpha: 0.9]
[fair_c: 1]
[poisson_max_delta_step: 0.7]
[tweedie_variance_power: 1.5]
[lambdarank_truncation_level: 30]
[lambdarank_norm: 1]
[label_gain: ]
[lambdarank_position_bias_regularization: 0]
[eval_at: ]
[multi_error_top_k: 1]
[auc_mu_weights: ]
[num_machines: 1]
[local_listen_port: 12400]
[time_out: 120]
[machine_list_filename: ]
[machines: ]
[gpu_platform_id: -1]
[gpu_device_id: -1]
[gpu_device_id_list: ]
[gpu_use_dp: 0]
[num_gpu: 1]

end of parameters

pandas_categorical:null
